#1:kx	2:ky	3:E1	4:E2
0	0	-2.82843	2.82843
0	0.125664	-2.82564	2.82564
0	0.251327	-2.8173	2.8173
0	0.376991	-2.80349	2.80349
0	0.502655	-2.78435	2.78435
0	0.628319	-2.76008	2.76008
0	0.753982	-2.73092	2.73092
0	0.879646	-2.69719	2.69719
0	1.00531	-2.65926	2.65926
0	1.13097	-2.61755	2.61755
0	1.25664	-2.57255	2.57255
0	1.3823	-2.52483	2.52483
0	1.50796	-2.47499	2.47499
0	1.63363	-2.42372	2.42372
0	1.75929	-2.37176	2.37176
0	1.88496	-2.31991	2.31991
0	2.01062	-2.26902	2.26902
0	2.13628	-2.21999	2.21999
0	2.26195	-2.17374	2.17374
0	2.38761	-2.13121	2.13121
0	2.51327	-2.09331	2.09331
0	2.63894	-2.06092	2.06092
0	2.7646	-2.03481	2.03481
0	2.89027	-2.01565	2.01565
0	3.01593	-2.00394	2.00394
0	3.14159	-2	2
0	3.26726	-2.00394	2.00394
0	3.39292	-2.01565	2.01565
0	3.51858	-2.03481	2.03481
0	3.64425	-2.06092	2.06092
0	3.76991	-2.09331	2.09331
0	3.89557	-2.13121	2.13121
0	4.02124	-2.17374	2.17374
0	4.1469	-2.21999	2.21999
0	4.27257	-2.26902	2.26902
0	4.39823	-2.31991	2.31991
0	4.52389	-2.37176	2.37176
0	4.64956	-2.42372	2.42372
0	4.77522	-2.47499	2.47499
0	4.90088	-2.52483	2.52483
0	5.02655	-2.57255	2.57255
0	5.15221	-2.61755	2.61755
0	5.27788	-2.65926	2.65926
0	5.40354	-2.69719	2.69719
0	5.5292	-2.73092	2.73092
0	5.65487	-2.76008	2.76008
0	5.78053	-2.78435	2.78435
0	5.90619	-2.80349	2.80349
0	6.03186	-2.8173	2.8173
0	6.15752	-2.82564	2.82564

0.125664	0	-2.8173	2.8173
0.125664	0.125664	-2.81467	2.81467
0.125664	0.251327	-2.80683	2.80683
0.125664	0.376991	-2.79384	2.79384
0.125664	0.502655	-2.77585	2.77585
0.125664	0.628319	-2.75303	2.75303
0.125664	0.753982	-2.72565	2.72565
0.125664	0.879646	-2.69399	2.69399
0.125664	1.00531	-2.65841	2.65841
0.125664	1.13097	-2.61933	2.61933
0.125664	1.25664	-2.57721	2.57721
0.125664	1.3823	-2.5326	2.5326
0.125664	1.50796	-2.48607	2.48607
0.125664	1.63363	-2.43827	2.43827
0.125664	1.75929	-2.3899	2.3899
0.125664	1.88496	-2.34172	2.34172
0.125664	2.01062	-2.29451	2.29451
0.125664	2.13628	-2.24911	2.24911
0.125664	2.26195	-2.20637	2.20637
0.125664	2.38761	-2.16714	2.16714
0.125664	2.51327	-2.13224	2.13224
0.125664	2.63894	-2.10246	2.10246
0.125664	2.7646	-2.07849	2.07849
0.125664	2.89027	-2.06092	2.06092
0.125664	3.01593	-2.05019	2.05019
0.125664	3.14159	-2.04658	2.04658
0.125664	3.26726	-2.05019	2.05019
0.125664	3.39292	-2.06092	2.06092
0.125664	3.51858	-2.07849	2.07849
0.125664	3.64425	-2.10246	2.10246
0.125664	3.76991	-2.13224	2.13224
0.125664	3.89557	-2.16714	2.16714
0.125664	4.02124	-2.20637	2.20637
0.125664	4.1469	-2.24911	2.24911
0.125664	4.27257	-2.29451	2.29451
0.125664	4.39823	-2.34172	2.34172
0.125664	4.52389	-2.3899	2.3899
0.125664	4.64956	-2.43827	2.43827
0.125664	4.77522	-2.48607	2.48607
0.125664	4.90088	-2.5326	2.5326
0.125664	5.02655	-2.57721	2.57721
0.125664	5.15221	-2.61933	2.61933
0.125664	5.27788	-2.65841	2.65841
0.125664	5.40354	-2.69399	2.69399
0.125664	5.5292	-2.72565	2.72565
0.125664	5.65487	-2.75303	2.75303
0.125664	5.78053	-2.77585	2.77585
0.125664	5.90619	-2.79384	2.79384
0.125664	6.03186	-2.80683	2.80683
0.125664	6.15752	-2.81467	2.81467

0.251327	0	-2.78435	2.78435
0.251327	0.125664	-2.78222	2.78222
0.251327	0.251327	-2.77585	2.77585
0.251327	0.376991	-2.7653	2.7653
0.251327	0.502655	-2.75071	2.75071
0.251327	0.628319	-2.73224	2.73224
0.251327	0.753982	-2.7101	2.7101
0.251327	0.879646	-2.68456	2.68456
0.251327	1.00531	-2.65592	2.65592
0.251327	1.13097	-2.62455	2.62455
0.251327	1.25664	-2.59085	2.59085
0.251327	1.3823	-2.55528	2.55528
0.251327	1.50796	-2.51831	2.51831
0.251327	1.63363	-2.4805	2.4805
0.251327	1.75929	-2.4424	2.4424
0.251327	1.88496	-2.40463	2.40463
0.251327	2.01062	-2.3678	2.3678
0.251327	2.13628	-2.33256	2.33256
0.251327	2.26195	-2.29955	2.29955
0.251327	2.38761	-2.26939	2.26939
0.251327	2.51327	-2.24268	2.24268
0.251327	2.63894	-2.21999	2.21999
0.251327	2.7646	-2.20179	2.20179
0.251327	2.89027	-2.18848	2.18848
0.251327	3.01593	-2.18037	2.18037
0.251327	3.14159	-2.17765	2.17765
0.251327	3.26726	-2.18037	2.18037
0.251327	3.39292	-2.18848	2.18848
0.251327	3.51858	-2.20179	2.20179
0.251327	3.64425	-2.21999	2.21999
0.251327	3.76991	-2.24268	2.24268
0.251327	3.89557	-2.26939	2.26939
0.251327	4.02124	-2.29955	2.29955
0.251327	4.1469	-2.33256	2.33256
0.251327	4.27257	-2.3678	2.3678
0.251327	4.39823	-2.40463	2.40463
0.251327	4.52389	-2.4424	2.4424
0.251327	4.64956	-2.4805	2.4805
0.251327	4.77522	-2.51831	2.51831
0.251327	4.90088	-2.55528	2.55528
0.251327	5.02655	-2.59085	2.59085
0.251327	5.15221	-2.62455	2.62455
0.251327	5.27788	-2.65592	2.65592
0.251327	5.40354	-2.68456	2.68456
0.251327	5.5292	-2.7101	2.7101
0.251327	5.65487	-2.73224	2.73224
0.251327	5.78053	-2.75071	2.75071
0.251327	5.90619	-2.7653	2.7653
0.251327	6.03186	-2.77585	2.77585
0.251327	6.15752	-2.78222	2.78222

0.376991	0	-2.73092	2.73092
0.376991	0.125664	-2.7296	2.7296
0.376991	0.251327	-2.72565	2.72565
0.376991	0.376991	-2.71912	2.71912
0.376991	0.502655	-2.7101	2.7101
0.376991	0.628319	-2.69871	2.69871
0.376991	0.753982	-2.68509	2.68509
0.376991	0.879646	-2.66943	2.66943
0.376991	1.00531	-2.65195	2.65195
0.376991	1.13097	-2.63287	2.63287
0.376991	1.25664	-2.61249	2.61249
0.376991	1.3823	-2.59108	2.59108
0.376991	1.50796	-2.56896	2.56896
0.376991	1.63363	-2.54648	2.54648
0.376991	1.75929	-2.52397	2.52397
0.376991	1.88496	-2.50181	2.50181
0.376991	2.01062	-2.48034	2.48034
0.376991	2.13628	-2.45994	2.45994
0.376991	2.26195	-2.44096	2.44096
0.376991	2.38761	-2.42372	2.42372
0.376991	2.51327	-2.40855	2.40855
0.376991	2.63894	-2.39572	2.39572
0.376991	2.7646	-2.38548	2.38548
0.376991	2.89027	-2.37802	2.37802
0.376991	3.01593	-2.37348	2.37348
0.376991	3.14159	-2.37196	2.37196
0.376991	3.26726	-2.37348	2.37348
0.376991	3.39292	-2.37802	2.37802
0.376991	3.51858	-2.38548	2.38548
0.376991	3.64425	-2.39572	2.39572
0.376991	3.76991	-2.40855	2.40855
0.376991	3.89557	-2.42372	2.42372
0.376991	4.02124	-2.44096	2.44096
0.376991	4.1469	-2.45994	2.45994
0.376991	4.27257	-2.48034	2.48034
0.376991	4.39823	-2.50181	2.50181
0.376991	4.52389	-2.52397	2.52397
0.376991	4.64956	-2.54648	2.54648
0.376991	4.77522	-2.56896	2.56896
0.376991	4.90088	-2.59108	2.59108
0.376991	5.02655	-2.61249	2.61249
0.376991	5.15221	-2.63287	2.63287
0.376991	5.27788	-2.65195	2.65195
0.376991	5.40354	-2.66943	2.66943
0.376991	5.5292	-2.68509	2.68509
0.376991	5.65487	-2.69871	2.69871
0.376991	5.78053	-2.7101	2.7101
0.376991	5.90619	-2.71912	2.71912
0.376991	6.03186	-2.72565	2.72565
0.376991	6.15752	-2.7296	2.7296

0.502655	0	-2.65926	2.65926
0.502655	0.125664	-2.65905	2.65905
0.502655	0.251327	-2.65841	2.65841
0.502655	0.376991	-2.65737	2.65737
0.502655	0.502655	-2.65592	2.65592
0.502655	0.628319	-2.65411	2.65411
0.502655	0.753982	-2.65195	2.65195
0.502655	0.879646	-2.64947	2.64947
0.502655	1.00531	-2.64672	2.64672
0.502655	1.13097	-2.64374	2.64374
0.502655	1.25664	-2.64057	2.64057
0.502655	1.3823	-2.63727	2.63727
0.502655	1.50796	-2.63388	2.63388
0.502655	1.63363	-2.63047	2.63047
0.502655	1.75929	-2.62707	2.62707
0.502655	1.88496	-2.62375	2.62375
0.502655	2.01062	-2.62056	2.62056
0.502655	2.13628	-2.61755	2.61755
0.502655	2.26195	-2.61477	2.61477
0.502655	2.38761	-2.61226	2.61226
0.502655	2.51327	-2.61006	2.61006
0.502655	2.63894	-2.60821	2.60821
0.502655	2.7646	-2.60674	2.60674
0.502655	2.89027	-2.60567	2.60567
0.502655	3.01593	-2.60503	2.60503
0.502655	3.14159	-2.60481	2.60481
0.502655	3.26726	-2.60503	2.60503
0.502655	3.39292	-2.60567	2.60567
0.502655	3.51858	-2.60674	2.60674
0.502655	3.64425	-2.60821	2.60821
0.502655	3.76991	-2.61006	2.61006
0.502655	3.89557	-2.61226	2.61226
0.502655	4.02124	-2.61477	2.61477
0.502655	4.1469	-2.61755	2.61755
0.502655	4.27257	-2.62056	2.62056
0.502655	4.39823	-2.62375	2.62375
0.502655	4.52389	-2.62707	2.62707
0.502655	4.64956	-2.63047	2.63047
0.502655	4.77522	-2.63388	2.63388
0.502655	4.90088	-2.63727	2.63727
0.502655	5.02655	-2.64057	2.64057
0.502655	5.15221	-2.64374	2.64374
0.502655	5.27788	-2.64672	2.64672
0.502655	5.40354	-2.64947	2.64947
0.502655	5.5292	-2.65195	2.65195
0.502655	5.65487	-2.65411	2.65411
0.502655	5.78053	-2.65592	2.65592
0.502655	5.90619	-2.65737	2.65737
0.502655	6.03186	-2.65841	2.65841
0.502655	6.15752	-2.65905	2.65905

0.628319	0	-2.57255	2.57255
0.628319	0.125664	-2.57372	2.57372
0.628319	0.251327	-2.57721	2.57721
0.628319	0.376991	-2.58296	2.58296
0.628319	0.502655	-2.59085	2.59085
0.628319	0.628319	-2.60076	2.60076
0.628319	0.753982	-2.61249	2.61249
0.628319	0.879646	-2.62584	2.62584
0.628319	1.00531	-2.64057	2.64057
0.628319	1.13097	-2.65644	2.65644
0.628319	1.25664	-2.67318	2.67318
0.628319	1.3823	-2.69051	2.69051
0.628319	1.50796	-2.70814	2.70814
0.628319	1.63363	-2.72579	2.72579
0.628319	1.75929	-2.74319	2.74319
0.628319	1.88496	-2.76008	2.76008
0.628319	2.01062	-2.77619	2.77619
0.628319	2.13628	-2.79129	2.79129
0.628319	2.26195	-2.80516	2.80516
0.628319	2.38761	-2.8176	2.8176
0.628319	2.51327	-2.82843	2.82843
0.628319	2.63894	-2.8375	2.8375
0.628319	2.7646	-2.84469	2.84469
0.628319	2.89027	-2.84989	2.84989
0.628319	3.01593	-2.85305	2.85305
0.628319	3.14159	-2.8541	2.8541
0.628319	3.26726	-2.85305	2.85305
0.628319	3.39292	-2.84989	2.84989
0.628319	3.51858	-2.84469	2.84469
0.628319	3.64425	-2.8375	2.8375
0.628319	3.76991	-2.82843	2.82843
0.628319	3.89557	-2.8176	2.8176
0.628319	4.02124	-2.80516	2.80516
0.628319	4.1469	-2.79129	2.79129
0.628319	4.27257	-2.77619	2.77619
0.628319	4.39823	-2.76008	2.76008
0.628319	4.52389	-2.74319	2.74319
0.628319	4.64956	-2.72579	2.72579
0.628319	4.77522	-2.70814	2.70814
0.628319	4.90088	-2.69051	2.69051
0.628319	5.02655	-2.67318	2.67318
0.628319	5.15221	-2.65644	2.65644
0.628319	5.27788	-2.64057	2.64057
0.628319	5.40354	-2.62584	2.62584
0.628319	5.5292	-2.61249	2.61249
0.628319	5.65487	-2.60076	2.60076
0.628319	5.78053	-2.59085	2.59085
0.628319	5.90619	-2.58296	2.58296
0.628319	6.03186	-2.57721	2.57721
0.628319	6.15752	-2.57372	2.57372

0.753982	0	-2.47499	2.47499
0.753982	0.125664	-2.47778	2.47778
0.753982	0.251327	-2.48607	2.48607
0.753982	0.376991	-2.49968	2.49968
0.753982	0.502655	-2.51831	2.51831
0.753982	0.628319	-2.54157	2.54157
0.753982	0.753982	-2.56896	2.56896
0.753982	0.879646	-2.59994	2.59994
0.753982	1.00531	-2.63388	2.63388
0.753982	1.13097	-2.67017	2.67017
0.753982	1.25664	-2.70814	2.70814
0.753982	1.3823	-2.74713	2.74713
0.753982	1.50796	-2.7865	2.7865
0.753982	1.63363	-2.82564	2.82564
0.753982	1.75929	-2.86393	2.86393
0.753982	1.88496	-2.90083	2.90083
0.753982	2.01062	-2.93582	2.93582
0.753982	2.13628	-2.96842	2.96842
0.753982	2.26195	-2.99819	2.99819
0.753982	2.38761	-3.02478	3.02478
0.753982	2.51327	-3.04783	3.04783
0.753982	2.63894	-3.06707	3.06707
0.753982	2.7646	-3.08228	3.08228
0.753982	2.89027	-3.09327	3.09327
0.753982	3.01593	-3.09991	3.09991
0.753982	3.14159	-3.10214	3.10214
0.753982	3.26726	-3.09991	3.09991
0.753982	3.39292	-3.09327	3.09327
0.753982	3.51858	-3.08228	3.08228
0.753982	3.64425	-3.06707	3.06707
0.753982	3.76991	-3.04783	3.04783
0.753982	3.89557	-3.02478	3.02478
0.753982	4.02124	-2.99819	2.99819
0.753982	4.1469	-2.96842	2.96842
0.753982	4.27257	-2.93582	2.93582
0.753982	4.39823	-2.90083	2.90083
0.753982	4.52389	-2.86393	2.86393
0.753982	4.64956	-2.82564	2.82564
0.753982	4.77522	-2.7865	2.7865
0.753982	4.90088	-2.74713	2.74713
0.753982	5.02655	-2.70814	2.70814
0.753982	5.15221	-2.67017	2.67017
0.753982	5.27788	-2.63388	2.63388
0.753982	5.40354	-2.59994	2.59994
0.753982	5.5292	-2.56896	2.56896
0.753982	5.65487	-2.54157	2.54157
0.753982	5.78053	-2.51831	2.51831
0.753982	5.90619	-2.49968	2.49968
0.753982	6.03186	-2.48607	2.48607
0.753982	6.15752	-2.47778	2.47778

0.879646	0	-2.37176	2.37176
0.879646	0.125664	-2.37632	2.37632
0.879646	0.251327	-2.3899	2.3899
0.879646	0.376991	-2.41212	2.41212
0.879646	0.502655	-2.4424	2.4424
0.879646	0.628319	-2.47999	2.47999
0.879646	0.753982	-2.52397	2.52397
0.879646	0.879646	-2.57335	2.57335
0.879646	1.00531	-2.62707	2.62707
0.879646	1.13097	-2.68404	2.68404
0.879646	1.25664	-2.74319	2.74319
0.879646	1.3823	-2.80349	2.80349
0.879646	1.50796	-2.86393	2.86393
0.879646	1.63363	-2.92359	2.92359
0.879646	1.75929	-2.98161	2.98161
0.879646	1.88496	-3.03717	3.03717
0.879646	2.01062	-3.08957	3.08957
0.879646	2.13628	-3.13816	3.13816
0.879646	2.26195	-3.18235	3.18235
0.879646	2.38761	-3.22166	3.22166
0.879646	2.51327	-3.25564	3.25564
0.879646	2.63894	-3.28393	3.28393
0.879646	2.7646	-3.30624	3.30624
0.879646	2.89027	-3.32233	3.32233
0.879646	3.01593	-3.33206	3.33206
0.879646	3.14159	-3.33531	3.33531
0.879646	3.26726	-3.33206	3.33206
0.879646	3.39292	-3.32233	3.32233
0.879646	3.51858	-3.30624	3.30624
0.879646	3.64425	-3.28393	3.28393
0.879646	3.76991	-3.25564	3.25564
0.879646	3.89557	-3.22166	3.22166
0.879646	4.02124	-3.18235	3.18235
0.879646	4.1469	-3.13816	3.13816
0.879646	4.27257	-3.08957	3.08957
0.879646	4.39823	-3.03717	3.03717
0.879646	4.52389	-2.98161	2.98161
0.879646	4.64956	-2.92359	2.92359
0.879646	4.77522	-2.86393	2.86393
0.879646	4.90088	-2.80349	2.80349
0.879646	5.02655	-2.74319	2.74319
0.879646	5.15221	-2.68404	2.68404
0.879646	5.27788	-2.62707	2.62707
0.879646	5.40354	-2.57335	2.57335
0.879646	5.5292	-2.52397	2.52397
0.879646	5.65487	-2.47999	2.47999
0.879646	5.78053	-2.4424	2.4424
0.879646	5.90619	-2.41212	2.41212
0.879646	6.03186	-2.3899	2.3899
0.879646	6.15752	-2.37632	2.37632

1.00531	0	-2.26902	2.26902
1.00531	0.125664	-2.27544	2.27544
1.00531	0.251327	-2.29451	2.29451
1.00531	0.376991	-2.32562	2.32562
1.00531	0.502655	-2.3678	2.3678
1.00531	0.628319	-2.41985	2.41985
1.00531	0.753982	-2.48034	2.48034
1.00531	0.879646	-2.54776	2.54776
1.00531	1.00531	-2.62056	2.62056
1.00531	1.13097	-2.69719	2.69719
1.00531	1.25664	-2.77619	2.77619
1.00531	1.3823	-2.85616	2.85616
1.00531	1.50796	-2.93582	2.93582
1.00531	1.63363	-3.01398	3.01398
1.00531	1.75929	-3.08957	3.08957
1.00531	1.88496	-3.16163	3.16163
1.00531	2.01062	-3.22928	3.22928
1.00531	2.13628	-3.29178	3.29178
1.00531	2.26195	-3.34843	3.34843
1.00531	2.38761	-3.39868	3.39868
1.00531	2.51327	-3.44201	3.44201
1.00531	2.63894	-3.47802	3.47802
1.00531	2.7646	-3.50637	3.50637
1.00531	2.89027	-3.5268	3.5268
1.00531	3.01593	-3.53913	3.53913
1.00531	3.14159	-3.54326	3.54326
1.00531	3.26726	-3.53913	3.53913
1.00531	3.39292	-3.5268	3.5268
1.00531	3.51858	-3.50637	3.50637
1.00531	3.64425	-3.47802	3.47802
1.00531	3.76991	-3.44201	3.44201
1.00531	3.89557	-3.39868	3.39868
1.00531	4.02124	-3.34843	3.34843
1.00531	4.1469	-3.29178	3.29178
1.00531	4.27257	-3.22928	3.22928
1.00531	4.39823	-3.16163	3.16163
1.00531	4.52389	-3.08957	3.08957
1.00531	4.64956	-3.01398	3.01398
1.00531	4.77522	-2.93582	2.93582
1.00531	4.90088	-2.85616	2.85616
1.00531	5.02655	-2.77619	2.77619
1.00531	5.15221	-2.69719	2.69719
1.00531	5.27788	-2.62056	2.62056
1.00531	5.40354	-2.54776	2.54776
1.00531	5.5292	-2.48034	2.48034
1.00531	5.65487	-2.41985	2.41985
1.00531	5.78053	-2.3678	2.3678
1.00531	5.90619	-2.32562	2.32562
1.00531	6.03186	-2.29451	2.29451
1.00531	6.15752	-2.27544	2.27544

1.13097	0	-2.17374	2.17374
1.13097	0.125664	-2.18198	2.18198
1.13097	0.251327	-2.20637	2.20637
1.13097	0.376991	-2.24603	2.24603
1.13097	0.502655	-2.29955	2.29955
1.13097	0.628319	-2.36518	2.36518
1.13097	0.753982	-2.44096	2.44096
1.13097	0.879646	-2.52483	2.52483
1.13097	1.00531	-2.61477	2.61477
1.13097	1.13097	-2.70882	2.70882
1.13097	1.25664	-2.80516	2.80516
1.13097	1.3823	-2.90212	2.90212
1.13097	1.50796	-2.99819	2.99819
1.13097	1.63363	-3.09201	3.09201
1.13097	1.75929	-3.18235	3.18235
1.13097	1.88496	-3.26815	3.26815
1.13097	2.01062	-3.34843	3.34843
1.13097	2.13628	-3.42238	3.42238
1.13097	2.26195	-3.48926	3.48926
1.13097	2.38761	-3.54844	3.54844
1.13097	2.51327	-3.59939	3.59939
1.13097	2.63894	-3.64167	3.64167
1.13097	2.7646	-3.67492	3.67492
1.13097	2.89027	-3.69887	3.69887
1.13097	3.01593	-3.71331	3.71331
1.13097	3.14159	-3.71814	3.71814
1.13097	3.26726	-3.71331	3.71331
1.13097	3.39292	-3.69887	3.69887
1.13097	3.51858	-3.67492	3.67492
1.13097	3.64425	-3.64167	3.64167
1.13097	3.76991	-3.59939	3.59939
1.13097	3.89557	-3.54844	3.54844
1.13097	4.02124	-3.48926	3.48926
1.13097	4.1469	-3.42238	3.42238
1.13097	4.27257	-3.34843	3.34843
1.13097	4.39823	-3.26815	3.26815
1.13097	4.52389	-3.18235	3.18235
1.13097	4.64956	-3.09201	3.09201
1.13097	4.77522	-2.99819	2.99819
1.13097	4.90088	-2.90212	2.90212
1.13097	5.02655	-2.80516	2.80516
1.13097	5.15221	-2.70882	2.70882
1.13097	5.27788	-2.61477	2.61477
1.13097	5.40354	-2.52483	2.52483
1.13097	5.5292	-2.44096	2.44096
1.13097	5.65487	-2.36518	2.36518
1.13097	5.78053	-2.29955	2.29955
1.13097	5.90619	-2.24603	2.24603
1.13097	6.03186	-2.20637	2.20637
1.13097	6.15752	-2.18198	2.18198

1.25664	0	-2.09331	2.09331
1.25664	0.125664	-2.10315	2.10315
1.25664	0.251327	-2.13224	2.13224
1.25664	0.376991	-2.17937	2.17937
1.25664	0.502655	-2.24268	2.24268
1.25664	0.628319	-2.31991	2.31991
1.25664	0.753982	-2.40855	2.40855
1.25664	0.879646	-2.50608	2.50608
1.25664	1.00531	-2.61006	2.61006
1.25664	1.13097	-2.7182	2.7182
1.25664	1.25664	-2.82843	2.82843
1.25664	1.3823	-2.93886	2.93886
1.25664	1.50796	-3.04783	3.04783
1.25664	1.63363	-3.15386	3.15386
1.25664	1.75929	-3.25564	3.25564
1.25664	1.88496	-3.35202	3.35202
1.25664	2.01062	-3.44201	3.44201
1.25664	2.13628	-3.52472	3.52472
1.25664	2.26195	-3.59939	3.59939
1.25664	2.38761	-3.66537	3.66537
1.25664	2.51327	-3.72211	3.72211
1.25664	2.63894	-3.76914	3.76914
1.25664	2.7646	-3.8061	3.8061
1.25664	2.89027	-3.8327	3.8327
1.25664	3.01593	-3.84874	3.84874
1.25664	3.14159	-3.8541	3.8541
1.25664	3.26726	-3.84874	3.84874
1.25664	3.39292	-3.8327	3.8327
1.25664	3.51858	-3.8061	3.8061
1.25664	3.64425	-3.76914	3.76914
1.25664	3.76991	-3.72211	3.72211
1.25664	3.89557	-3.66537	3.66537
1.25664	4.02124	-3.59939	3.59939
1.25664	4.1469	-3.52472	3.52472
1.25664	4.27257	-3.44201	3.44201
1.25664	4.39823	-3.35202	3.35202
1.25664	4.52389	-3.25564	3.25564
1.25664	4.64956	-3.15386	3.15386
1.25664	4.77522	-3.04783	3.04783
1.25664	4.90088	-2.93886	2.93886
1.25664	5.02655	-2.82843	2.82843
1.25664	5.15221	-2.7182	2.7182
1.25664	5.27788	-2.61006	2.61006
1.25664	5.40354	-2.50608	2.50608
1.25664	5.5292	-2.40855	2.40855
1.25664	5.65487	-2.31991	2.31991
1.25664	5.78053	-2.24268	2.24268
1.25664	5.90619	-2.17937	2.17937
1.25664	6.03186	-2.13224	2.13224
1.25664	6.15752	-2.10315	2.10315

1.3823	0	-2.03481	2.03481
1.3823	0.125664	-2.04586	2.04586
1.3823	0.251327	-2.07849	2.07849
1.3823	0.376991	-2.13121	2.13121
1.3823	0.502655	-2.20179	2.20179
1.3823	0.628319	-2.28751	2.28751
1.3823	0.753982	-2.38548	2.38548
1.3823	0.879646	-2.4928	2.4928
1.3823	1.00531	-2.60674	2.60674
1.3823	1.13097	-2.72479	2.72479
1.3823	1.25664	-2.84469	2.84469
1.3823	1.3823	-2.96444	2.96444
1.3823	1.50796	-3.08228	3.08228
1.3823	1.63363	-3.19666	3.19666
1.3823	1.75929	-3.30624	3.30624
1.3823	1.88496	-3.40982	3.40982
1.3823	2.01062	-3.50637	3.50637
1.3823	2.13628	-3.595	3.595
1.3823	2.26195	-3.67492	3.67492
1.3823	2.38761	-3.74548	3.74548
1.3823	2.51327	-3.8061	3.8061
1.3823	2.63894	-3.85633	3.85633
1.3823	2.7646	-3.89577	3.89577
1.3823	2.89027	-3.92415	3.92415
1.3823	3.01593	-3.94126	3.94126
1.3823	3.14159	-3.94698	3.94698
1.3823	3.26726	-3.94126	3.94126
1.3823	3.39292	-3.92415	3.92415
1.3823	3.51858	-3.89577	3.89577
1.3823	3.64425	-3.85633	3.85633
1.3823	3.76991	-3.8061	3.8061
1.3823	3.89557	-3.74548	3.74548
1.3823	4.02124	-3.67492	3.67492
1.3823	4.1469	-3.595	3.595
1.3823	4.27257	-3.50637	3.50637
1.3823	4.39823	-3.40982	3.40982
1.3823	4.52389	-3.30624	3.30624
1.3823	4.64956	-3.19666	3.19666
1.3823	4.77522	-3.08228	3.08228
1.3823	4.90088	-2.96444	2.96444
1.3823	5.02655	-2.84469	2.84469
1.3823	5.15221	-2.72479	2.72479
1.3823	5.27788	-2.60674	2.60674
1.3823	5.40354	-2.4928	2.4928
1.3823	5.5292	-2.38548	2.38548
1.3823	5.65487	-2.28751	2.28751
1.3823	5.78053	-2.20179	2.20179
1.3823	5.90619	-2.13121	2.13121
1.3823	6.03186	-2.07849	2.07849
1.3823	6.15752	-2.04586	2.04586

1.50796	0	-2.00394	2.00394
1.50796	0.125664	-2.01565	2.01565
1.50796	0.251327	-2.05019	2.05019
1.50796	0.376991	-2.10592	2.10592
1.50796	0.502655	-2.18037	2.18037
1.50796	0.628319	-2.2706	2.2706
1.50796	0.753982	-2.37348	2.37348
1.50796	0.879646	-2.48592	2.48592
1.50796	1.00531	-2.60503	2.60503
1.50796	1.13097	-2.72818	2.72818
1.50796	1.25664	-2.85305	2.85305
1.50796	1.3823	-2.97756	2.97756
1.50796	1.50796	-3.09991	3.09991
1.50796	1.63363	-3.21854	3.21854
1.50796	1.75929	-3.33206	3.33206
1.50796	1.88496	-3.43927	3.43927
1.50796	2.01062	-3.53913	3.53913
1.50796	2.13628	-3.63074	3.63074
1.50796	2.26195	-3.71331	3.71331
1.50796	2.38761	-3.78617	3.78617
1.50796	2.51327	-3.84874	3.84874
1.50796	2.63894	-3.90057	3.90057
1.50796	2.7646	-3.94126	3.94126
1.50796	2.89027	-3.97054	3.97054
1.50796	3.01593	-3.98819	3.98819
1.50796	3.14159	-3.99408	3.99408
1.50796	3.26726	-3.98819	3.98819
1.50796	3.39292	-3.97054	3.97054
1.50796	3.51858	-3.94126	3.94126
1.50796	3.64425	-3.90057	3.90057
1.50796	3.76991	-3.84874	3.84874
1.50796	3.89557	-3.78617	3.78617
1.50796	4.02124	-3.71331	3.71331
1.50796	4.1469	-3.63074	3.63074
1.50796	4.27257	-3.53913	3.53913
1.50796	4.39823	-3.43927	3.43927
1.50796	4.52389	-3.33206	3.33206
1.50796	4.64956	-3.21854	3.21854
1.50796	4.77522	-3.09991	3.09991
1.50796	4.90088	-2.97756	2.97756
1.50796	5.02655	-2.85305	2.85305
1.50796	5.15221	-2.72818	2.72818
1.50796	5.27788	-2.60503	2.60503
1.50796	5.40354	-2.48592	2.48592
1.50796	5.5292	-2.37348	2.37348
1.50796	5.65487	-2.2706	2.2706
1.50796	5.78053	-2.18037	2.18037
1.50796	5.90619	-2.10592	2.10592
1.50796	6.03186	-2.05019	2.05019
1.50796	6.15752	-2.01565	2.01565

1.63363	0	-2.00394	2.00394
1.63363	0.125664	-2.01565	2.01565
1.63363	0.251327	-2.05019	2.05019
1.63363	0.376991	-2.10592	2.10592
1.63363	0.502655	-2.18037	2.18037
1.63363	0.628319	-2.2706	2.2706
1.63363	0.753982	-2.37348	2.37348
1.63363	0.879646	-2.48592	2.48592
1.63363	1.00531	-2.60503	2.60503
1.63363	1.13097	-2.72818	2.72818
1.63363	1.25664	-2.85305	2.85305
1.63363	1.3823	-2.97756	2.97756
1.63363	1.50796	-3.09991	3.09991
1.63363	1.63363	-3.21854	3.21854
1.63363	1.75929	-3.33206	3.33206
1.63363	1.88496	-3.43927	3.43927
1.63363	2.01062	-3.53913	3.53913
1.63363	2.13628	-3.63074	3.63074
1.63363	2.26195	-3.71331	3.71331
1.63363	2.38761	-3.78617	3.78617
1.63363	2.51327	-3.84874	3.84874
1.63363	2.63894	-3.90057	3.90057
1.63363	2.7646	-3.94126	3.94126
1.63363	2.89027	-3.97054	3.97054
1.63363	3.01593	-3.98819	3.98819
1.63363	3.14159	-3.99408	3.99408
1.63363	3.26726	-3.98819	3.98819
1.63363	3.39292	-3.97054	3.97054
1.63363	3.51858	-3.94126	3.94126
1.63363	3.64425	-3.90057	3.90057
1.63363	3.76991	-3.84874	3.84874
1.63363	3.89557	-3.78617	3.78617
1.63363	4.02124	-3.71331	3.71331
1.63363	4.1469	-3.63074	3.63074
1.63363	4.27257	-3.53913	3.53913
1.63363	4.39823	-3.43927	3.43927
1.63363	4.52389	-3.33206	3.33206
1.63363	4.64956	-3.21854	3.21854
1.63363	4.77522	-3.09991	3.09991
1.63363	4.90088	-2.97756	2.97756
1.63363	5.02655	-2.85305	2.85305
1.63363	5.15221	-2.72818	2.72818
1.63363	5.27788	-2.60503	2.60503
1.63363	5.40354	-2.48592	2.48592
1.63363	5.5292	-2.37348	2.37348
1.63363	5.65487	-2.2706	2.2706
1.63363	5.78053	-2.18037	2.18037
1.63363	5.90619	-2.10592	2.10592
1.63363	6.03186	-2.05019	2.05019
1.63363	6.15752	-2.01565	2.01565

1.75929	0	-2.03481	2.03481
1.75929	0.125664	-2.04586	2.04586
1.75929	0.251327	-2.07849	2.07849
1.75929	0.376991	-2.13121	2.13121
1.75929	0.502655	-2.20179	2.20179
1.75929	0.628319	-2.28751	2.28751
1.75929	0.753982	-2.38548	2.38548
1.75929	0.879646	-2.4928	2.4928
1.75929	1.00531	-2.60674	2.60674
1.75929	1.13097	-2.72479	2.72479
1.75929	1.25664	-2.84469	2.84469
1.75929	1.3823	-2.96444	2.96444
1.75929	1.50796	-3.08228	3.08228
1.75929	1.63363	-3.19666	3.19666
1.75929	1.75929	-3.30624	3.30624
1.75929	1.88496	-3.40982	3.40982
1.75929	2.01062	-3.50637	3.50637
1.75929	2.13628	-3.595	3.595
1.75929	2.26195	-3.67492	3.67492
1.75929	2.38761	-3.74548	3.74548
1.75929	2.51327	-3.8061	3.8061
1.75929	2.63894	-3.85633	3.85633
1.75929	2.7646	-3.89577	3.89577
1.75929	2.89027	-3.92415	3.92415
1.75929	3.01593	-3.94126	3.94126
1.75929	3.14159	-3.94698	3.94698
1.75929	3.26726	-3.94126	3.94126
1.75929	3.39292	-3.92415	3.92415
1.75929	3.51858	-3.89577	3.89577
1.75929	3.64425	-3.85633	3.85633
1.75929	3.76991	-3.8061	3.8061
1.75929	3.89557	-3.74548	3.74548
1.75929	4.02124	-3.67492	3.67492
1.75929	4.1469	-3.595	3.595
1.75929	4.27257	-3.50637	3.50637
1.75929	4.39823	-3.40982	3.40982
1.75929	4.52389	-3.30624	3.30624
1.75929	4.64956	-3.19666	3.19666
1.75929	4.77522	-3.08228	3.08228
1.75929	4.90088	-2.96444	2.96444
1.75929	5.02655	-2.84469	2.84469
1.75929	5.15221	-2.72479	2.72479
1.75929	5.27788	-2.60674	2.60674
1.75929	5.40354	-2.4928	2.4928
1.75929	5.5292	-2.38548	2.38548
1.75929	5.65487	-2.28751	2.28751
1.75929	5.78053	-2.20179	2.20179
1.75929	5.90619	-2.13121	2.13121
1.75929	6.03186	-2.07849	2.07849
1.75929	6.15752	-2.04586	2.04586

1.88496	0	-2.09331	2.09331
1.88496	0.125664	-2.10315	2.10315
1.88496	0.251327	-2.13224	2.13224
1.88496	0.376991	-2.17937	2.17937
1.88496	0.502655	-2.24268	2.24268
1.88496	0.628319	-2.31991	2.31991
1.88496	0.753982	-2.40855	2.40855
1.88496	0.879646	-2.50608	2.50608
1.88496	1.00531	-2.61006	2.61006
1.88496	1.13097	-2.7182	2.7182
1.88496	1.25664	-2.82843	2.82843
1.88496	1.3823	-2.93886	2.93886
1.88496	1.50796	-3.04783	3.04783
1.88496	1.63363	-3.15386	3.15386
1.88496	1.75929	-3.25564	3.25564
1.88496	1.88496	-3.35202	3.35202
1.88496	2.01062	-3.44201	3.44201
1.88496	2.13628	-3.52472	3.52472
1.88496	2.26195	-3.59939	3.59939
1.88496	2.38761	-3.66537	3.66537
1.88496	2.51327	-3.72211	3.72211
1.88496	2.63894	-3.76914	3.76914
1.88496	2.7646	-3.8061	3.8061
1.88496	2.89027	-3.8327	3.8327
1.88496	3.01593	-3.84874	3.84874
1.88496	3.14159	-3.8541	3.8541
1.88496	3.26726	-3.84874	3.84874
1.88496	3.39292	-3.8327	3.8327
1.88496	3.51858	-3.8061	3.8061
1.88496	3.64425	-3.76914	3.76914
1.88496	3.76991	-3.72211	3.72211
1.88496	3.89557	-3.66537	3.66537
1.88496	4.02124	-3.59939	3.59939
1.88496	4.1469	-3.52472	3.52472
1.88496	4.27257	-3.44201	3.44201
1.88496	4.39823	-3.35202	3.35202
1.88496	4.52389	-3.25564	3.25564
1.88496	4.64956	-3.15386	3.15386
1.88496	4.77522	-3.04783	3.04783
1.88496	4.90088	-2.93886	2.93886
1.88496	5.02655	-2.82843	2.82843
1.88496	5.15221	-2.7182	2.7182
1.88496	5.27788	-2.61006	2.61006
1.88496	5.40354	-2.50608	2.50608
1.88496	5.5292	-2.40855	2.40855
1.88496	5.65487	-2.31991	2.31991
1.88496	5.78053	-2.24268	2.24268
1.88496	5.90619	-2.17937	2.17937
1.88496	6.03186	-2.13224	2.13224
1.88496	6.15752	-2.10315	2.10315

2.01062	0	-2.17374	2.17374
2.01062	0.125664	-2.18198	2.18198
2.01062	0.251327	-2.20637	2.20637
2.01062	0.376991	-2.24603	2.24603
2.01062	0.502655	-2.29955	2.29955
2.01062	0.628319	-2.36518	2.36518
2.01062	0.753982	-2.44096	2.44096
2.01062	0.879646	-2.52483	2.52483
2.01062	1.00531	-2.61477	2.61477
2.01062	1.13097	-2.70882	2.70882
2.01062	1.25664	-2.80516	2.80516
2.01062	1.3823	-2.90212	2.90212
2.01062	1.50796	-2.99819	2.99819
2.01062	1.63363	-3.09201	3.09201
2.01062	1.75929	-3.18235	3.18235
2.01062	1.88496	-3.26815	3.26815
2.01062	2.01062	-3.34843	3.34843
2.01062	2.13628	-3.42238	3.42238
2.01062	2.26195	-3.48926	3.48926
2.01062	2.38761	-3.54844	3.54844
2.01062	2.51327	-3.59939	3.59939
2.01062	2.63894	-3.64167	3.64167
2.01062	2.7646	-3.67492	3.67492
2.01062	2.89027	-3.69887	3.69887
2.01062	3.01593	-3.71331	3.71331
2.01062	3.14159	-3.71814	3.71814
2.01062	3.26726	-3.71331	3.71331
2.01062	3.39292	-3.69887	3.69887
2.01062	3.51858	-3.67492	3.67492
2.01062	3.64425	-3.64167	3.64167
2.01062	3.76991	-3.59939	3.59939
2.01062	3.89557	-3.54844	3.54844
2.01062	4.02124	-3.48926	3.48926
2.01062	4.1469	-3.42238	3.42238
2.01062	4.27257	-3.34843	3.34843
2.01062	4.39823	-3.26815	3.26815
2.01062	4.52389	-3.18235	3.18235
2.01062	4.64956	-3.09201	3.09201
2.01062	4.77522	-2.99819	2.99819
2.01062	4.90088	-2.90212	2.90212
2.01062	5.02655	-2.80516	2.80516
2.01062	5.15221	-2.70882	2.70882
2.01062	5.27788	-2.61477	2.61477
2.01062	5.40354	-2.52483	2.52483
2.01062	5.5292	-2.44096	2.44096
2.01062	5.65487	-2.36518	2.36518
2.01062	5.78053	-2.29955	2.29955
2.01062	5.90619	-2.24603	2.24603
2.01062	6.03186	-2.20637	2.20637
2.01062	6.15752	-2.18198	2.18198

2.13628	0	-2.26902	2.26902
2.13628	0.125664	-2.27544	2.27544
2.13628	0.251327	-2.29451	2.29451
2.13628	0.376991	-2.32562	2.32562
2.13628	0.502655	-2.3678	2.3678
2.13628	0.628319	-2.41985	2.41985
2.13628	0.753982	-2.48034	2.48034
2.13628	0.879646	-2.54776	2.54776
2.13628	1.00531	-2.62056	2.62056
2.13628	1.13097	-2.69719	2.69719
2.13628	1.25664	-2.77619	2.77619
2.13628	1.3823	-2.85616	2.85616
2.13628	1.50796	-2.93582	2.93582
2.13628	1.63363	-3.01398	3.01398
2.13628	1.75929	-3.08957	3.08957
2.13628	1.88496	-3.16163	3.16163
2.13628	2.01062	-3.22928	3.22928
2.13628	2.13628	-3.29178	3.29178
2.13628	2.26195	-3.34843	3.34843
2.13628	2.38761	-3.39868	3.39868
2.13628	2.51327	-3.44201	3.44201
2.13628	2.63894	-3.47802	3.47802
2.13628	2.7646	-3.50637	3.50637
2.13628	2.89027	-3.5268	3.5268
2.13628	3.01593	-3.53913	3.53913
2.13628	3.14159	-3.54326	3.54326
2.13628	3.26726	-3.53913	3.53913
2.13628	3.39292	-3.5268	3.5268
2.13628	3.51858	-3.50637	3.50637
2.13628	3.64425	-3.47802	3.47802
2.13628	3.76991	-3.44201	3.44201
2.13628	3.89557	-3.39868	3.39868
2.13628	4.02124	-3.34843	3.34843
2.13628	4.1469	-3.29178	3.29178
2.13628	4.27257	-3.22928	3.22928
2.13628	4.39823	-3.16163	3.16163
2.13628	4.52389	-3.08957	3.08957
2.13628	4.64956	-3.01398	3.01398
2.13628	4.77522	-2.93582	2.93582
2.13628	4.90088	-2.85616	2.85616
2.13628	5.02655	-2.77619	2.77619
2.13628	5.15221	-2.69719	2.69719
2.13628	5.27788	-2.62056	2.62056
2.13628	5.40354	-2.54776	2.54776
2.13628	5.5292	-2.48034	2.48034
2.13628	5.65487	-2.41985	2.41985
2.13628	5.78053	-2.3678	2.3678
2.13628	5.90619	-2.32562	2.32562
2.13628	6.03186	-2.29451	2.29451
2.13628	6.15752	-2.27544	2.27544

2.26195	0	-2.37176	2.37176
2.26195	0.125664	-2.37632	2.37632
2.26195	0.251327	-2.3899	2.3899
2.26195	0.376991	-2.41212	2.41212
2.26195	0.502655	-2.4424	2.4424
2.26195	0.628319	-2.47999	2.47999
2.26195	0.753982	-2.52397	2.52397
2.26195	0.879646	-2.57335	2.57335
2.26195	1.00531	-2.62707	2.62707
2.26195	1.13097	-2.68404	2.68404
2.26195	1.25664	-2.74319	2.74319
2.26195	1.3823	-2.80349	2.80349
2.26195	1.50796	-2.86393	2.86393
2.26195	1.63363	-2.92359	2.92359
2.26195	1.75929	-2.98161	2.98161
2.26195	1.88496	-3.03717	3.03717
2.26195	2.01062	-3.08957	3.08957
2.26195	2.13628	-3.13816	3.13816
2.26195	2.26195	-3.18235	3.18235
2.26195	2.38761	-3.22166	3.22166
2.26195	2.51327	-3.25564	3.25564
2.26195	2.63894	-3.28393	3.28393
2.26195	2.7646	-3.30624	3.30624
2.26195	2.89027	-3.32233	3.32233
2.26195	3.01593	-3.33206	3.33206
2.26195	3.14159	-3.33531	3.33531
2.26195	3.26726	-3.33206	3.33206
2.26195	3.39292	-3.32233	3.32233
2.26195	3.51858	-3.30624	3.30624
2.26195	3.64425	-3.28393	3.28393
2.26195	3.76991	-3.25564	3.25564
2.26195	3.89557	-3.22166	3.22166
2.26195	4.02124	-3.18235	3.18235
2.26195	4.1469	-3.13816	3.13816
2.26195	4.27257	-3.08957	3.08957
2.26195	4.39823	-3.03717	3.03717
2.26195	4.52389	-2.98161	2.98161
2.26195	4.64956	-2.92359	2.92359
2.26195	4.77522	-2.86393	2.86393
2.26195	4.90088	-2.80349	2.80349
2.26195	5.02655	-2.74319	2.74319
2.26195	5.15221	-2.68404	2.68404
2.26195	5.27788	-2.62707	2.62707
2.26195	5.40354	-2.57335	2.57335
2.26195	5.5292	-2.52397	2.52397
2.26195	5.65487	-2.47999	2.47999
2.26195	5.78053	-2.4424	2.4424
2.26195	5.90619	-2.41212	2.41212
2.26195	6.03186	-2.3899	2.3899
2.26195	6.15752	-2.37632	2.37632

2.38761	0	-2.47499	2.47499
2.38761	0.125664	-2.47778	2.47778
2.38761	0.251327	-2.48607	2.48607
2.38761	0.376991	-2.49968	2.49968
2.38761	0.502655	-2.51831	2.51831
2.38761	0.628319	-2.54157	2.54157
2.38761	0.753982	-2.56896	2.56896
2.38761	0.879646	-2.59994	2.59994
2.38761	1.00531	-2.63388	2.63388
2.38761	1.13097	-2.67017	2.67017
2.38761	1.25664	-2.70814	2.70814
2.38761	1.3823	-2.74713	2.74713
2.38761	1.50796	-2.7865	2.7865
2.38761	1.63363	-2.82564	2.82564
2.38761	1.75929	-2.86393	2.86393
2.38761	1.88496	-2.90083	2.90083
2.38761	2.01062	-2.93582	2.93582
2.38761	2.13628	-2.96842	2.96842
2.38761	2.26195	-2.99819	2.99819
2.38761	2.38761	-3.02478	3.02478
2.38761	2.51327	-3.04783	3.04783
2.38761	2.63894	-3.06707	3.06707
2.38761	2.7646	-3.08228	3.08228
2.38761	2.89027	-3.09327	3.09327
2.38761	3.01593	-3.09991	3.09991
2.38761	3.14159	-3.10214	3.10214
2.38761	3.26726	-3.09991	3.09991
2.38761	3.39292	-3.09327	3.09327
2.38761	3.51858	-3.08228	3.08228
2.38761	3.64425	-3.06707	3.06707
2.38761	3.76991	-3.04783	3.04783
2.38761	3.89557	-3.02478	3.02478
2.38761	4.02124	-2.99819	2.99819
2.38761	4.1469	-2.96842	2.96842
2.38761	4.27257	-2.93582	2.93582
2.38761	4.39823	-2.90083	2.90083
2.38761	4.52389	-2.86393	2.86393
2.38761	4.64956	-2.82564	2.82564
2.38761	4.77522	-2.7865	2.7865
2.38761	4.90088	-2.74713	2.74713
2.38761	5.02655	-2.70814	2.70814
2.38761	5.15221	-2.67017	2.67017
2.38761	5.27788	-2.63388	2.63388
2.38761	5.40354	-2.59994	2.59994
2.38761	5.5292	-2.56896	2.56896
2.38761	5.65487	-2.54157	2.54157
2.38761	5.78053	-2.51831	2.51831
2.38761	5.90619	-2.49968	2.49968
2.38761	6.03186	-2.48607	2.48607
2.38761	6.15752	-2.47778	2.47778

2.51327	0	-2.57255	2.57255
2.51327	0.125664	-2.57372	2.57372
2.51327	0.251327	-2.57721	2.57721
2.51327	0.376991	-2.58296	2.58296
2.51327	0.502655	-2.59085	2.59085
2.51327	0.628319	-2.60076	2.60076
2.51327	0.753982	-2.61249	2.61249
2.51327	0.879646	-2.62584	2.62584
2.51327	1.00531	-2.64057	2.64057
2.51327	1.13097	-2.65644	2.65644
2.51327	1.25664	-2.67318	2.67318
2.51327	1.3823	-2.69051	2.69051
2.51327	1.50796	-2.70814	2.70814
2.51327	1.63363	-2.72579	2.72579
2.51327	1.75929	-2.74319	2.74319
2.51327	1.88496	-2.76008	2.76008
2.51327	2.01062	-2.77619	2.77619
2.51327	2.13628	-2.79129	2.79129
2.51327	2.26195	-2.80516	2.80516
2.51327	2.38761	-2.8176	2.8176
2.51327	2.51327	-2.82843	2.82843
2.51327	2.63894	-2.8375	2.8375
2.51327	2.7646	-2.84469	2.84469
2.51327	2.89027	-2.84989	2.84989
2.51327	3.01593	-2.85305	2.85305
2.51327	3.14159	-2.8541	2.8541
2.51327	3.26726	-2.85305	2.85305
2.51327	3.39292	-2.84989	2.84989
2.51327	3.51858	-2.84469	2.84469
2.51327	3.64425	-2.8375	2.8375
2.51327	3.76991	-2.82843	2.82843
2.51327	3.89557	-2.8176	2.8176
2.51327	4.02124	-2.80516	2.80516
2.51327	4.1469	-2.79129	2.79129
2.51327	4.27257	-2.77619	2.77619
2.51327	4.39823	-2.76008	2.76008
2.51327	4.52389	-2.74319	2.74319
2.51327	4.64956	-2.72579	2.72579
2.51327	4.77522	-2.70814	2.70814
2.51327	4.90088	-2.69051	2.69051
2.51327	5.02655	-2.67318	2.67318
2.51327	5.15221	-2.65644	2.65644
2.51327	5.27788	-2.64057	2.64057
2.51327	5.40354	-2.62584	2.62584
2.51327	5.5292	-2.61249	2.61249
2.51327	5.65487	-2.60076	2.60076
2.51327	5.78053	-2.59085	2.59085
2.51327	5.90619	-2.58296	2.58296
2.51327	6.03186	-2.57721	2.57721
2.51327	6.15752	-2.57372	2.57372

2.63894	0	-2.65926	2.65926
2.63894	0.125664	-2.65905	2.65905
2.63894	0.251327	-2.65841	2.65841
2.63894	0.376991	-2.65737	2.65737
2.63894	0.502655	-2.65592	2.65592
2.63894	0.628319	-2.65411	2.65411
2.63894	0.753982	-2.65195	2.65195
2.63894	0.879646	-2.64947	2.64947
2.63894	1.00531	-2.64672	2.64672
2.63894	1.13097	-2.64374	2.64374
2.63894	1.25664	-2.64057	2.64057
2.63894	1.3823	-2.63727	2.63727
2.63894	1.50796	-2.63388	2.63388
2.63894	1.63363	-2.63047	2.63047
2.63894	1.75929	-2.62707	2.62707
2.63894	1.88496	-2.62375	2.62375
2.63894	2.01062	-2.62056	2.62056
2.63894	2.13628	-2.61755	2.61755
2.63894	2.26195	-2.61477	2.61477
2.63894	2.38761	-2.61226	2.61226
2.63894	2.51327	-2.61006	2.61006
2.63894	2.63894	-2.60821	2.60821
2.63894	2.7646	-2.60674	2.60674
2.63894	2.89027	-2.60567	2.60567
2.63894	3.01593	-2.60503	2.60503
2.63894	3.14159	-2.60481	2.60481
2.63894	3.26726	-2.60503	2.60503
2.63894	3.39292	-2.60567	2.60567
2.63894	3.51858	-2.60674	2.60674
2.63894	3.64425	-2.60821	2.60821
2.63894	3.76991	-2.61006	2.61006
2.63894	3.89557	-2.61226	2.61226
2.63894	4.02124	-2.61477	2.61477
2.63894	4.1469	-2.61755	2.61755
2.63894	4.27257	-2.62056	2.62056
2.63894	4.39823	-2.62375	2.62375
2.63894	4.52389	-2.62707	2.62707
2.63894	4.64956	-2.63047	2.63047
2.63894	4.77522	-2.63388	2.63388
2.63894	4.90088	-2.63727	2.63727
2.63894	5.02655	-2.64057	2.64057
2.63894	5.15221	-2.64374	2.64374
2.63894	5.27788	-2.64672	2.64672
2.63894	5.40354	-2.64947	2.64947
2.63894	5.5292	-2.65195	2.65195
2.63894	5.65487	-2.65411	2.65411
2.63894	5.78053	-2.65592	2.65592
2.63894	5.90619	-2.65737	2.65737
2.63894	6.03186	-2.65841	2.65841
2.63894	6.15752	-2.65905	2.65905

2.7646	0	-2.73092	2.73092
2.7646	0.125664	-2.7296	2.7296
2.7646	0.251327	-2.72565	2.72565
2.7646	0.376991	-2.71912	2.71912
2.7646	0.502655	-2.7101	2.7101
2.7646	0.628319	-2.69871	2.69871
2.7646	0.753982	-2.68509	2.68509
2.7646	0.879646	-2.66943	2.66943
2.7646	1.00531	-2.65195	2.65195
2.7646	1.13097	-2.63287	2.63287
2.7646	1.25664	-2.61249	2.61249
2.7646	1.3823	-2.59108	2.59108
2.7646	1.50796	-2.56896	2.56896
2.7646	1.63363	-2.54648	2.54648
2.7646	1.75929	-2.52397	2.52397
2.7646	1.88496	-2.50181	2.50181
2.7646	2.01062	-2.48034	2.48034
2.7646	2.13628	-2.45994	2.45994
2.7646	2.26195	-2.44096	2.44096
2.7646	2.38761	-2.42372	2.42372
2.7646	2.51327	-2.40855	2.40855
2.7646	2.63894	-2.39572	2.39572
2.7646	2.7646	-2.38548	2.38548
2.7646	2.89027	-2.37802	2.37802
2.7646	3.01593	-2.37348	2.37348
2.7646	3.14159	-2.37196	2.37196
2.7646	3.26726	-2.37348	2.37348
2.7646	3.39292	-2.37802	2.37802
2.7646	3.51858	-2.38548	2.38548
2.7646	3.64425	-2.39572	2.39572
2.7646	3.76991	-2.40855	2.40855
2.7646	3.89557	-2.42372	2.42372
2.7646	4.02124	-2.44096	2.44096
2.7646	4.1469	-2.45994	2.45994
2.7646	4.27257	-2.48034	2.48034
2.7646	4.39823	-2.50181	2.50181
2.7646	4.52389	-2.52397	2.52397
2.7646	4.64956	-2.54648	2.54648
2.7646	4.77522	-2.56896	2.56896
2.7646	4.90088	-2.59108	2.59108
2.7646	5.02655	-2.61249	2.61249
2.7646	5.15221	-2.63287	2.63287
2.7646	5.27788	-2.65195	2.65195
2.7646	5.40354	-2.66943	2.66943
2.7646	5.5292	-2.68509	2.68509
2.7646	5.65487	-2.69871	2.69871
2.7646	5.78053	-2.7101	2.7101
2.7646	5.90619	-2.71912	2.71912
2.7646	6.03186	-2.72565	2.72565
2.7646	6.15752	-2.7296	2.7296

2.89027	0	-2.78435	2.78435
2.89027	0.125664	-2.78222	2.78222
2.89027	0.251327	-2.77585	2.77585
2.89027	0.376991	-2.7653	2.7653
2.89027	0.502655	-2.75071	2.75071
2.89027	0.628319	-2.73224	2.73224
2.89027	0.753982	-2.7101	2.7101
2.89027	0.879646	-2.68456	2.68456
2.89027	1.00531	-2.65592	2.65592
2.89027	1.13097	-2.62455	2.62455
2.89027	1.25664	-2.59085	2.59085
2.89027	1.3823	-2.55528	2.55528
2.89027	1.50796	-2.51831	2.51831
2.89027	1.63363	-2.4805	2.4805
2.89027	1.75929	-2.4424	2.4424
2.89027	1.88496	-2.40463	2.40463
2.89027	2.01062	-2.3678	2.3678
2.89027	2.13628	-2.33256	2.33256
2.89027	2.26195	-2.29955	2.29955
2.89027	2.38761	-2.26939	2.26939
2.89027	2.51327	-2.24268	2.24268
2.89027	2.63894	-2.21999	2.21999
2.89027	2.7646	-2.20179	2.20179
2.89027	2.89027	-2.18848	2.18848
2.89027	3.01593	-2.18037	2.18037
2.89027	3.14159	-2.17765	2.17765
2.89027	3.26726	-2.18037	2.18037
2.89027	3.39292	-2.18848	2.18848
2.89027	3.51858	-2.20179	2.20179
2.89027	3.64425	-2.21999	2.21999
2.89027	3.76991	-2.24268	2.24268
2.89027	3.89557	-2.26939	2.26939
2.89027	4.02124	-2.29955	2.29955
2.89027	4.1469	-2.33256	2.33256
2.89027	4.27257	-2.3678	2.3678
2.89027	4.39823	-2.40463	2.40463
2.89027	4.52389	-2.4424	2.4424
2.89027	4.64956	-2.4805	2.4805
2.89027	4.77522	-2.51831	2.51831
2.89027	4.90088	-2.55528	2.55528
2.89027	5.02655	-2.59085	2.59085
2.89027	5.15221	-2.62455	2.62455
2.89027	5.27788	-2.65592	2.65592
2.89027	5.40354	-2.68456	2.68456
2.89027	5.5292	-2.7101	2.7101
2.89027	5.65487	-2.73224	2.73224
2.89027	5.78053	-2.75071	2.75071
2.89027	5.90619	-2.7653	2.7653
2.89027	6.03186	-2.77585	2.77585
2.89027	6.15752	-2.78222	2.78222

3.01593	0	-2.8173	2.8173
3.01593	0.125664	-2.81467	2.81467
3.01593	0.251327	-2.80683	2.80683
3.01593	0.376991	-2.79384	2.79384
3.01593	0.502655	-2.77585	2.77585
3.01593	0.628319	-2.75303	2.75303
3.01593	0.753982	-2.72565	2.72565
3.01593	0.879646	-2.69399	2.69399
3.01593	1.00531	-2.65841	2.65841
3.01593	1.13097	-2.61933	2.61933
3.01593	1.25664	-2.57721	2.57721
3.01593	1.3823	-2.5326	2.5326
3.01593	1.50796	-2.48607	2.48607
3.01593	1.63363	-2.43827	2.43827
3.01593	1.75929	-2.3899	2.3899
3.01593	1.88496	-2.34172	2.34172
3.01593	2.01062	-2.29451	2.29451
3.01593	2.13628	-2.24911	2.24911
3.01593	2.26195	-2.20637	2.20637
3.01593	2.38761	-2.16714	2.16714
3.01593	2.51327	-2.13224	2.13224
3.01593	2.63894	-2.10246	2.10246
3.01593	2.7646	-2.07849	2.07849
3.01593	2.89027	-2.06092	2.06092
3.01593	3.01593	-2.05019	2.05019
3.01593	3.14159	-2.04658	2.04658
3.01593	3.26726	-2.05019	2.05019
3.01593	3.39292	-2.06092	2.06092
3.01593	3.51858	-2.07849	2.07849
3.01593	3.64425	-2.10246	2.10246
3.01593	3.76991	-2.13224	2.13224
3.01593	3.89557	-2.16714	2.16714
3.01593	4.02124	-2.20637	2.20637
3.01593	4.1469	-2.24911	2.24911
3.01593	4.27257	-2.29451	2.29451
3.01593	4.39823	-2.34172	2.34172
3.01593	4.52389	-2.3899	2.3899
3.01593	4.64956	-2.43827	2.43827
3.01593	4.77522	-2.48607	2.48607
3.01593	4.90088	-2.5326	2.5326
3.01593	5.02655	-2.57721	2.57721
3.01593	5.15221	-2.61933	2.61933
3.01593	5.27788	-2.65841	2.65841
3.01593	5.40354	-2.69399	2.69399
3.01593	5.5292	-2.72565	2.72565
3.01593	5.65487	-2.75303	2.75303
3.01593	5.78053	-2.77585	2.77585
3.01593	5.90619	-2.79384	2.79384
3.01593	6.03186	-2.80683	2.80683
3.01593	6.15752	-2.81467	2.81467

3.14159	0	-2.82843	2.82843
3.14159	0.125664	-2.82564	2.82564
3.14159	0.251327	-2.8173	2.8173
3.14159	0.376991	-2.80349	2.80349
3.14159	0.502655	-2.78435	2.78435
3.14159	0.628319	-2.76008	2.76008
3.14159	0.753982	-2.73092	2.73092
3.14159	0.879646	-2.69719	2.69719
3.14159	1.00531	-2.65926	2.65926
3.14159	1.13097	-2.61755	2.61755
3.14159	1.25664	-2.57255	2.57255
3.14159	1.3823	-2.52483	2.52483
3.14159	1.50796	-2.47499	2.47499
3.14159	1.63363	-2.42372	2.42372
3.14159	1.75929	-2.37176	2.37176
3.14159	1.88496	-2.31991	2.31991
3.14159	2.01062	-2.26902	2.26902
3.14159	2.13628	-2.21999	2.21999
3.14159	2.26195	-2.17374	2.17374
3.14159	2.38761	-2.13121	2.13121
3.14159	2.51327	-2.09331	2.09331
3.14159	2.63894	-2.06092	2.06092
3.14159	2.7646	-2.03481	2.03481
3.14159	2.89027	-2.01565	2.01565
3.14159	3.01593	-2.00394	2.00394
3.14159	3.14159	-2	2
3.14159	3.26726	-2.00394	2.00394
3.14159	3.39292	-2.01565	2.01565
3.14159	3.51858	-2.03481	2.03481
3.14159	3.64425	-2.06092	2.06092
3.14159	3.76991	-2.09331	2.09331
3.14159	3.89557	-2.13121	2.13121
3.14159	4.02124	-2.17374	2.17374
3.14159	4.1469	-2.21999	2.21999
3.14159	4.27257	-2.26902	2.26902
3.14159	4.39823	-2.31991	2.31991
3.14159	4.52389	-2.37176	2.37176
3.14159	4.64956	-2.42372	2.42372
3.14159	4.77522	-2.47499	2.47499
3.14159	4.90088	-2.52483	2.52483
3.14159	5.02655	-2.57255	2.57255
3.14159	5.15221	-2.61755	2.61755
3.14159	5.27788	-2.65926	2.65926
3.14159	5.40354	-2.69719	2.69719
3.14159	5.5292	-2.73092	2.73092
3.14159	5.65487	-2.76008	2.76008
3.14159	5.78053	-2.78435	2.78435
3.14159	5.90619	-2.80349	2.80349
3.14159	6.03186	-2.8173	2.8173
3.14159	6.15752	-2.82564	2.82564

3.26726	0	-2.8173	2.8173
3.26726	0.125664	-2.81467	2.81467
3.26726	0.251327	-2.80683	2.80683
3.26726	0.376991	-2.79384	2.79384
3.26726	0.502655	-2.77585	2.77585
3.26726	0.628319	-2.75303	2.75303
3.26726	0.753982	-2.72565	2.72565
3.26726	0.879646	-2.69399	2.69399
3.26726	1.00531	-2.65841	2.65841
3.26726	1.13097	-2.61933	2.61933
3.26726	1.25664	-2.57721	2.57721
3.26726	1.3823	-2.5326	2.5326
3.26726	1.50796	-2.48607	2.48607
3.26726	1.63363	-2.43827	2.43827
3.26726	1.75929	-2.3899	2.3899
3.26726	1.88496	-2.34172	2.34172
3.26726	2.01062	-2.29451	2.29451
3.26726	2.13628	-2.24911	2.24911
3.26726	2.26195	-2.20637	2.20637
3.26726	2.38761	-2.16714	2.16714
3.26726	2.51327	-2.13224	2.13224
3.26726	2.63894	-2.10246	2.10246
3.26726	2.7646	-2.07849	2.07849
3.26726	2.89027	-2.06092	2.06092
3.26726	3.01593	-2.05019	2.05019
3.26726	3.14159	-2.04658	2.04658
3.26726	3.26726	-2.05019	2.05019
3.26726	3.39292	-2.06092	2.06092
3.26726	3.51858	-2.07849	2.07849
3.26726	3.64425	-2.10246	2.10246
3.26726	3.76991	-2.13224	2.13224
3.26726	3.89557	-2.16714	2.16714
3.26726	4.02124	-2.20637	2.20637
3.26726	4.1469	-2.24911	2.24911
3.26726	4.27257	-2.29451	2.29451
3.26726	4.39823	-2.34172	2.34172
3.26726	4.52389	-2.3899	2.3899
3.26726	4.64956	-2.43827	2.43827
3.26726	4.77522	-2.48607	2.48607
3.26726	4.90088	-2.5326	2.5326
3.26726	5.02655	-2.57721	2.57721
3.26726	5.15221	-2.61933	2.61933
3.26726	5.27788	-2.65841	2.65841
3.26726	5.40354	-2.69399	2.69399
3.26726	5.5292	-2.72565	2.72565
3.26726	5.65487	-2.75303	2.75303
3.26726	5.78053	-2.77585	2.77585
3.26726	5.90619	-2.79384	2.79384
3.26726	6.03186	-2.80683	2.80683
3.26726	6.15752	-2.81467	2.81467

3.39292	0	-2.78435	2.78435
3.39292	0.125664	-2.78222	2.78222
3.39292	0.251327	-2.77585	2.77585
3.39292	0.376991	-2.7653	2.7653
3.39292	0.502655	-2.75071	2.75071
3.39292	0.628319	-2.73224	2.73224
3.39292	0.753982	-2.7101	2.7101
3.39292	0.879646	-2.68456	2.68456
3.39292	1.00531	-2.65592	2.65592
3.39292	1.13097	-2.62455	2.62455
3.39292	1.25664	-2.59085	2.59085
3.39292	1.3823	-2.55528	2.55528
3.39292	1.50796	-2.51831	2.51831
3.39292	1.63363	-2.4805	2.4805
3.39292	1.75929	-2.4424	2.4424
3.39292	1.88496	-2.40463	2.40463
3.39292	2.01062	-2.3678	2.3678
3.39292	2.13628	-2.33256	2.33256
3.39292	2.26195	-2.29955	2.29955
3.39292	2.38761	-2.26939	2.26939
3.39292	2.51327	-2.24268	2.24268
3.39292	2.63894	-2.21999	2.21999
3.39292	2.7646	-2.20179	2.20179
3.39292	2.89027	-2.18848	2.18848
3.39292	3.01593	-2.18037	2.18037
3.39292	3.14159	-2.17765	2.17765
3.39292	3.26726	-2.18037	2.18037
3.39292	3.39292	-2.18848	2.18848
3.39292	3.51858	-2.20179	2.20179
3.39292	3.64425	-2.21999	2.21999
3.39292	3.76991	-2.24268	2.24268
3.39292	3.89557	-2.26939	2.26939
3.39292	4.02124	-2.29955	2.29955
3.39292	4.1469	-2.33256	2.33256
3.39292	4.27257	-2.3678	2.3678
3.39292	4.39823	-2.40463	2.40463
3.39292	4.52389	-2.4424	2.4424
3.39292	4.64956	-2.4805	2.4805
3.39292	4.77522	-2.51831	2.51831
3.39292	4.90088	-2.55528	2.55528
3.39292	5.02655	-2.59085	2.59085
3.39292	5.15221	-2.62455	2.62455
3.39292	5.27788	-2.65592	2.65592
3.39292	5.40354	-2.68456	2.68456
3.39292	5.5292	-2.7101	2.7101
3.39292	5.65487	-2.73224	2.73224
3.39292	5.78053	-2.75071	2.75071
3.39292	5.90619	-2.7653	2.7653
3.39292	6.03186	-2.77585	2.77585
3.39292	6.15752	-2.78222	2.78222

3.51858	0	-2.73092	2.73092
3.51858	0.125664	-2.7296	2.7296
3.51858	0.251327	-2.72565	2.72565
3.51858	0.376991	-2.71912	2.71912
3.51858	0.502655	-2.7101	2.7101
3.51858	0.628319	-2.69871	2.69871
3.51858	0.753982	-2.68509	2.68509
3.51858	0.879646	-2.66943	2.66943
3.51858	1.00531	-2.65195	2.65195
3.51858	1.13097	-2.63287	2.63287
3.51858	1.25664	-2.61249	2.61249
3.51858	1.3823	-2.59108	2.59108
3.51858	1.50796	-2.56896	2.56896
3.51858	1.63363	-2.54648	2.54648
3.51858	1.75929	-2.52397	2.52397
3.51858	1.88496	-2.50181	2.50181
3.51858	2.01062	-2.48034	2.48034
3.51858	2.13628	-2.45994	2.45994
3.51858	2.26195	-2.44096	2.44096
3.51858	2.38761	-2.42372	2.42372
3.51858	2.51327	-2.40855	2.40855
3.51858	2.63894	-2.39572	2.39572
3.51858	2.7646	-2.38548	2.38548
3.51858	2.89027	-2.37802	2.37802
3.51858	3.01593	-2.37348	2.37348
3.51858	3.14159	-2.37196	2.37196
3.51858	3.26726	-2.37348	2.37348
3.51858	3.39292	-2.37802	2.37802
3.51858	3.51858	-2.38548	2.38548
3.51858	3.64425	-2.39572	2.39572
3.51858	3.76991	-2.40855	2.40855
3.51858	3.89557	-2.42372	2.42372
3.51858	4.02124	-2.44096	2.44096
3.51858	4.1469	-2.45994	2.45994
3.51858	4.27257	-2.48034	2.48034
3.51858	4.39823	-2.50181	2.50181
3.51858	4.52389	-2.52397	2.52397
3.51858	4.64956	-2.54648	2.54648
3.51858	4.77522	-2.56896	2.56896
3.51858	4.90088	-2.59108	2.59108
3.51858	5.02655	-2.61249	2.61249
3.51858	5.15221	-2.63287	2.63287
3.51858	5.27788	-2.65195	2.65195
3.51858	5.40354	-2.66943	2.66943
3.51858	5.5292	-2.68509	2.68509
3.51858	5.65487	-2.69871	2.69871
3.51858	5.78053	-2.7101	2.7101
3.51858	5.90619	-2.71912	2.71912
3.51858	6.03186	-2.72565	2.72565
3.51858	6.15752	-2.7296	2.7296

3.64425	0	-2.65926	2.65926
3.64425	0.125664	-2.65905	2.65905
3.64425	0.251327	-2.65841	2.65841
3.64425	0.376991	-2.65737	2.65737
3.64425	0.502655	-2.65592	2.65592
3.64425	0.628319	-2.65411	2.65411
3.64425	0.753982	-2.65195	2.65195
3.64425	0.879646	-2.64947	2.64947
3.64425	1.00531	-2.64672	2.64672
3.64425	1.13097	-2.64374	2.64374
3.64425	1.25664	-2.64057	2.64057
3.64425	1.3823	-2.63727	2.63727
3.64425	1.50796	-2.63388	2.63388
3.64425	1.63363	-2.63047	2.63047
3.64425	1.75929	-2.62707	2.62707
3.64425	1.88496	-2.62375	2.62375
3.64425	2.01062	-2.62056	2.62056
3.64425	2.13628	-2.61755	2.61755
3.64425	2.26195	-2.61477	2.61477
3.64425	2.38761	-2.61226	2.61226
3.64425	2.51327	-2.61006	2.61006
3.64425	2.63894	-2.60821	2.60821
3.64425	2.7646	-2.60674	2.60674
3.64425	2.89027	-2.60567	2.60567
3.64425	3.01593	-2.60503	2.60503
3.64425	3.14159	-2.60481	2.60481
3.64425	3.26726	-2.60503	2.60503
3.64425	3.39292	-2.60567	2.60567
3.64425	3.51858	-2.60674	2.60674
3.64425	3.64425	-2.60821	2.60821
3.64425	3.76991	-2.61006	2.61006
3.64425	3.89557	-2.61226	2.61226
3.64425	4.02124	-2.61477	2.61477
3.64425	4.1469	-2.61755	2.61755
3.64425	4.27257	-2.62056	2.62056
3.64425	4.39823	-2.62375	2.62375
3.64425	4.52389	-2.62707	2.62707
3.64425	4.64956	-2.63047	2.63047
3.64425	4.77522	-2.63388	2.63388
3.64425	4.90088	-2.63727	2.63727
3.64425	5.02655	-2.64057	2.64057
3.64425	5.15221	-2.64374	2.64374
3.64425	5.27788	-2.64672	2.64672
3.64425	5.40354	-2.64947	2.64947
3.64425	5.5292	-2.65195	2.65195
3.64425	5.65487	-2.65411	2.65411
3.64425	5.78053	-2.65592	2.65592
3.64425	5.90619	-2.65737	2.65737
3.64425	6.03186	-2.65841	2.65841
3.64425	6.15752	-2.65905	2.65905

3.76991	0	-2.57255	2.57255
3.76991	0.125664	-2.57372	2.57372
3.76991	0.251327	-2.57721	2.57721
3.76991	0.376991	-2.58296	2.58296
3.76991	0.502655	-2.59085	2.59085
3.76991	0.628319	-2.60076	2.60076
3.76991	0.753982	-2.61249	2.61249
3.76991	0.879646	-2.62584	2.62584
3.76991	1.00531	-2.64057	2.64057
3.76991	1.13097	-2.65644	2.65644
3.76991	1.25664	-2.67318	2.67318
3.76991	1.3823	-2.69051	2.69051
3.76991	1.50796	-2.70814	2.70814
3.76991	1.63363	-2.72579	2.72579
3.76991	1.75929	-2.74319	2.74319
3.76991	1.88496	-2.76008	2.76008
3.76991	2.01062	-2.77619	2.77619
3.76991	2.13628	-2.79129	2.79129
3.76991	2.26195	-2.80516	2.80516
3.76991	2.38761	-2.8176	2.8176
3.76991	2.51327	-2.82843	2.82843
3.76991	2.63894	-2.8375	2.8375
3.76991	2.7646	-2.84469	2.84469
3.76991	2.89027	-2.84989	2.84989
3.76991	3.01593	-2.85305	2.85305
3.76991	3.14159	-2.8541	2.8541
3.76991	3.26726	-2.85305	2.85305
3.76991	3.39292	-2.84989	2.84989
3.76991	3.51858	-2.84469	2.84469
3.76991	3.64425	-2.8375	2.8375
3.76991	3.76991	-2.82843	2.82843
3.76991	3.89557	-2.8176	2.8176
3.76991	4.02124	-2.80516	2.80516
3.76991	4.1469	-2.79129	2.79129
3.76991	4.27257	-2.77619	2.77619
3.76991	4.39823	-2.76008	2.76008
3.76991	4.52389	-2.74319	2.74319
3.76991	4.64956	-2.72579	2.72579
3.76991	4.77522	-2.70814	2.70814
3.76991	4.90088	-2.69051	2.69051
3.76991	5.02655	-2.67318	2.67318
3.76991	5.15221	-2.65644	2.65644
3.76991	5.27788	-2.64057	2.64057
3.76991	5.40354	-2.62584	2.62584
3.76991	5.5292	-2.61249	2.61249
3.76991	5.65487	-2.60076	2.60076
3.76991	5.78053	-2.59085	2.59085
3.76991	5.90619	-2.58296	2.58296
3.76991	6.03186	-2.57721	2.57721
3.76991	6.15752	-2.57372	2.57372

3.89557	0	-2.47499	2.47499
3.89557	0.125664	-2.47778	2.47778
3.89557	0.251327	-2.48607	2.48607
3.89557	0.376991	-2.49968	2.49968
3.89557	0.502655	-2.51831	2.51831
3.89557	0.628319	-2.54157	2.54157
3.89557	0.753982	-2.56896	2.56896
3.89557	0.879646	-2.59994	2.59994
3.89557	1.00531	-2.63388	2.63388
3.89557	1.13097	-2.67017	2.67017
3.89557	1.25664	-2.70814	2.70814
3.89557	1.3823	-2.74713	2.74713
3.89557	1.50796	-2.7865	2.7865
3.89557	1.63363	-2.82564	2.82564
3.89557	1.75929	-2.86393	2.86393
3.89557	1.88496	-2.90083	2.90083
3.89557	2.01062	-2.93582	2.93582
3.89557	2.13628	-2.96842	2.96842
3.89557	2.26195	-2.99819	2.99819
3.89557	2.38761	-3.02478	3.02478
3.89557	2.51327	-3.04783	3.04783
3.89557	2.63894	-3.06707	3.06707
3.89557	2.7646	-3.08228	3.08228
3.89557	2.89027	-3.09327	3.09327
3.89557	3.01593	-3.09991	3.09991
3.89557	3.14159	-3.10214	3.10214
3.89557	3.26726	-3.09991	3.09991
3.89557	3.39292	-3.09327	3.09327
3.89557	3.51858	-3.08228	3.08228
3.89557	3.64425	-3.06707	3.06707
3.89557	3.76991	-3.04783	3.04783
3.89557	3.89557	-3.02478	3.02478
3.89557	4.02124	-2.99819	2.99819
3.89557	4.1469	-2.96842	2.96842
3.89557	4.27257	-2.93582	2.93582
3.89557	4.39823	-2.90083	2.90083
3.89557	4.52389	-2.86393	2.86393
3.89557	4.64956	-2.82564	2.82564
3.89557	4.77522	-2.7865	2.7865
3.89557	4.90088	-2.74713	2.74713
3.89557	5.02655	-2.70814	2.70814
3.89557	5.15221	-2.67017	2.67017
3.89557	5.27788	-2.63388	2.63388
3.89557	5.40354	-2.59994	2.59994
3.89557	5.5292	-2.56896	2.56896
3.89557	5.65487	-2.54157	2.54157
3.89557	5.78053	-2.51831	2.51831
3.89557	5.90619	-2.49968	2.49968
3.89557	6.03186	-2.48607	2.48607
3.89557	6.15752	-2.47778	2.47778

4.02124	0	-2.37176	2.37176
4.02124	0.125664	-2.37632	2.37632
4.02124	0.251327	-2.3899	2.3899
4.02124	0.376991	-2.41212	2.41212
4.02124	0.502655	-2.4424	2.4424
4.02124	0.628319	-2.47999	2.47999
4.02124	0.753982	-2.52397	2.52397
4.02124	0.879646	-2.57335	2.57335
4.02124	1.00531	-2.62707	2.62707
4.02124	1.13097	-2.68404	2.68404
4.02124	1.25664	-2.74319	2.74319
4.02124	1.3823	-2.80349	2.80349
4.02124	1.50796	-2.86393	2.86393
4.02124	1.63363	-2.92359	2.92359
4.02124	1.75929	-2.98161	2.98161
4.02124	1.88496	-3.03717	3.03717
4.02124	2.01062	-3.08957	3.08957
4.02124	2.13628	-3.13816	3.13816
4.02124	2.26195	-3.18235	3.18235
4.02124	2.38761	-3.22166	3.22166
4.02124	2.51327	-3.25564	3.25564
4.02124	2.63894	-3.28393	3.28393
4.02124	2.7646	-3.30624	3.30624
4.02124	2.89027	-3.32233	3.32233
4.02124	3.01593	-3.33206	3.33206
4.02124	3.14159	-3.33531	3.33531
4.02124	3.26726	-3.33206	3.33206
4.02124	3.39292	-3.32233	3.32233
4.02124	3.51858	-3.30624	3.30624
4.02124	3.64425	-3.28393	3.28393
4.02124	3.76991	-3.25564	3.25564
4.02124	3.89557	-3.22166	3.22166
4.02124	4.02124	-3.18235	3.18235
4.02124	4.1469	-3.13816	3.13816
4.02124	4.27257	-3.08957	3.08957
4.02124	4.39823	-3.03717	3.03717
4.02124	4.52389	-2.98161	2.98161
4.02124	4.64956	-2.92359	2.92359
4.02124	4.77522	-2.86393	2.86393
4.02124	4.90088	-2.80349	2.80349
4.02124	5.02655	-2.74319	2.74319
4.02124	5.15221	-2.68404	2.68404
4.02124	5.27788	-2.62707	2.62707
4.02124	5.40354	-2.57335	2.57335
4.02124	5.5292	-2.52397	2.52397
4.02124	5.65487	-2.47999	2.47999
4.02124	5.78053	-2.4424	2.4424
4.02124	5.90619	-2.41212	2.41212
4.02124	6.03186	-2.3899	2.3899
4.02124	6.15752	-2.37632	2.37632

4.1469	0	-2.26902	2.26902
4.1469	0.125664	-2.27544	2.27544
4.1469	0.251327	-2.29451	2.29451
4.1469	0.376991	-2.32562	2.32562
4.1469	0.502655	-2.3678	2.3678
4.1469	0.628319	-2.41985	2.41985
4.1469	0.753982	-2.48034	2.48034
4.1469	0.879646	-2.54776	2.54776
4.1469	1.00531	-2.62056	2.62056
4.1469	1.13097	-2.69719	2.69719
4.1469	1.25664	-2.77619	2.77619
4.1469	1.3823	-2.85616	2.85616
4.1469	1.50796	-2.93582	2.93582
4.1469	1.63363	-3.01398	3.01398
4.1469	1.75929	-3.08957	3.08957
4.1469	1.88496	-3.16163	3.16163
4.1469	2.01062	-3.22928	3.22928
4.1469	2.13628	-3.29178	3.29178
4.1469	2.26195	-3.34843	3.34843
4.1469	2.38761	-3.39868	3.39868
4.1469	2.51327	-3.44201	3.44201
4.1469	2.63894	-3.47802	3.47802
4.1469	2.7646	-3.50637	3.50637
4.1469	2.89027	-3.5268	3.5268
4.1469	3.01593	-3.53913	3.53913
4.1469	3.14159	-3.54326	3.54326
4.1469	3.26726	-3.53913	3.53913
4.1469	3.39292	-3.5268	3.5268
4.1469	3.51858	-3.50637	3.50637
4.1469	3.64425	-3.47802	3.47802
4.1469	3.76991	-3.44201	3.44201
4.1469	3.89557	-3.39868	3.39868
4.1469	4.02124	-3.34843	3.34843
4.1469	4.1469	-3.29178	3.29178
4.1469	4.27257	-3.22928	3.22928
4.1469	4.39823	-3.16163	3.16163
4.1469	4.52389	-3.08957	3.08957
4.1469	4.64956	-3.01398	3.01398
4.1469	4.77522	-2.93582	2.93582
4.1469	4.90088	-2.85616	2.85616
4.1469	5.02655	-2.77619	2.77619
4.1469	5.15221	-2.69719	2.69719
4.1469	5.27788	-2.62056	2.62056
4.1469	5.40354	-2.54776	2.54776
4.1469	5.5292	-2.48034	2.48034
4.1469	5.65487	-2.41985	2.41985
4.1469	5.78053	-2.3678	2.3678
4.1469	5.90619	-2.32562	2.32562
4.1469	6.03186	-2.29451	2.29451
4.1469	6.15752	-2.27544	2.27544

4.27257	0	-2.17374	2.17374
4.27257	0.125664	-2.18198	2.18198
4.27257	0.251327	-2.20637	2.20637
4.27257	0.376991	-2.24603	2.24603
4.27257	0.502655	-2.29955	2.29955
4.27257	0.628319	-2.36518	2.36518
4.27257	0.753982	-2.44096	2.44096
4.27257	0.879646	-2.52483	2.52483
4.27257	1.00531	-2.61477	2.61477
4.27257	1.13097	-2.70882	2.70882
4.27257	1.25664	-2.80516	2.80516
4.27257	1.3823	-2.90212	2.90212
4.27257	1.50796	-2.99819	2.99819
4.27257	1.63363	-3.09201	3.09201
4.27257	1.75929	-3.18235	3.18235
4.27257	1.88496	-3.26815	3.26815
4.27257	2.01062	-3.34843	3.34843
4.27257	2.13628	-3.42238	3.42238
4.27257	2.26195	-3.48926	3.48926
4.27257	2.38761	-3.54844	3.54844
4.27257	2.51327	-3.59939	3.59939
4.27257	2.63894	-3.64167	3.64167
4.27257	2.7646	-3.67492	3.67492
4.27257	2.89027	-3.69887	3.69887
4.27257	3.01593	-3.71331	3.71331
4.27257	3.14159	-3.71814	3.71814
4.27257	3.26726	-3.71331	3.71331
4.27257	3.39292	-3.69887	3.69887
4.27257	3.51858	-3.67492	3.67492
4.27257	3.64425	-3.64167	3.64167
4.27257	3.76991	-3.59939	3.59939
4.27257	3.89557	-3.54844	3.54844
4.27257	4.02124	-3.48926	3.48926
4.27257	4.1469	-3.42238	3.42238
4.27257	4.27257	-3.34843	3.34843
4.27257	4.39823	-3.26815	3.26815
4.27257	4.52389	-3.18235	3.18235
4.27257	4.64956	-3.09201	3.09201
4.27257	4.77522	-2.99819	2.99819
4.27257	4.90088	-2.90212	2.90212
4.27257	5.02655	-2.80516	2.80516
4.27257	5.15221	-2.70882	2.70882
4.27257	5.27788	-2.61477	2.61477
4.27257	5.40354	-2.52483	2.52483
4.27257	5.5292	-2.44096	2.44096
4.27257	5.65487	-2.36518	2.36518
4.27257	5.78053	-2.29955	2.29955
4.27257	5.90619	-2.24603	2.24603
4.27257	6.03186	-2.20637	2.20637
4.27257	6.15752	-2.18198	2.18198

4.39823	0	-2.09331	2.09331
4.39823	0.125664	-2.10315	2.10315
4.39823	0.251327	-2.13224	2.13224
4.39823	0.376991	-2.17937	2.17937
4.39823	0.502655	-2.24268	2.24268
4.39823	0.628319	-2.31991	2.31991
4.39823	0.753982	-2.40855	2.40855
4.39823	0.879646	-2.50608	2.50608
4.39823	1.00531	-2.61006	2.61006
4.39823	1.13097	-2.7182	2.7182
4.39823	1.25664	-2.82843	2.82843
4.39823	1.3823	-2.93886	2.93886
4.39823	1.50796	-3.04783	3.04783
4.39823	1.63363	-3.15386	3.15386
4.39823	1.75929	-3.25564	3.25564
4.39823	1.88496	-3.35202	3.35202
4.39823	2.01062	-3.44201	3.44201
4.39823	2.13628	-3.52472	3.52472
4.39823	2.26195	-3.59939	3.59939
4.39823	2.38761	-3.66537	3.66537
4.39823	2.51327	-3.72211	3.72211
4.39823	2.63894	-3.76914	3.76914
4.39823	2.7646	-3.8061	3.8061
4.39823	2.89027	-3.8327	3.8327
4.39823	3.01593	-3.84874	3.84874
4.39823	3.14159	-3.8541	3.8541
4.39823	3.26726	-3.84874	3.84874
4.39823	3.39292	-3.8327	3.8327
4.39823	3.51858	-3.8061	3.8061
4.39823	3.64425	-3.76914	3.76914
4.39823	3.76991	-3.72211	3.72211
4.39823	3.89557	-3.66537	3.66537
4.39823	4.02124	-3.59939	3.59939
4.39823	4.1469	-3.52472	3.52472
4.39823	4.27257	-3.44201	3.44201
4.39823	4.39823	-3.35202	3.35202
4.39823	4.52389	-3.25564	3.25564
4.39823	4.64956	-3.15386	3.15386
4.39823	4.77522	-3.04783	3.04783
4.39823	4.90088	-2.93886	2.93886
4.39823	5.02655	-2.82843	2.82843
4.39823	5.15221	-2.7182	2.7182
4.39823	5.27788	-2.61006	2.61006
4.39823	5.40354	-2.50608	2.50608
4.39823	5.5292	-2.40855	2.40855
4.39823	5.65487	-2.31991	2.31991
4.39823	5.78053	-2.24268	2.24268
4.39823	5.90619	-2.17937	2.17937
4.39823	6.03186	-2.13224	2.13224
4.39823	6.15752	-2.10315	2.10315

4.52389	0	-2.03481	2.03481
4.52389	0.125664	-2.04586	2.04586
4.52389	0.251327	-2.07849	2.07849
4.52389	0.376991	-2.13121	2.13121
4.52389	0.502655	-2.20179	2.20179
4.52389	0.628319	-2.28751	2.28751
4.52389	0.753982	-2.38548	2.38548
4.52389	0.879646	-2.4928	2.4928
4.52389	1.00531	-2.60674	2.60674
4.52389	1.13097	-2.72479	2.72479
4.52389	1.25664	-2.84469	2.84469
4.52389	1.3823	-2.96444	2.96444
4.52389	1.50796	-3.08228	3.08228
4.52389	1.63363	-3.19666	3.19666
4.52389	1.75929	-3.30624	3.30624
4.52389	1.88496	-3.40982	3.40982
4.52389	2.01062	-3.50637	3.50637
4.52389	2.13628	-3.595	3.595
4.52389	2.26195	-3.67492	3.67492
4.52389	2.38761	-3.74548	3.74548
4.52389	2.51327	-3.8061	3.8061
4.52389	2.63894	-3.85633	3.85633
4.52389	2.7646	-3.89577	3.89577
4.52389	2.89027	-3.92415	3.92415
4.52389	3.01593	-3.94126	3.94126
4.52389	3.14159	-3.94698	3.94698
4.52389	3.26726	-3.94126	3.94126
4.52389	3.39292	-3.92415	3.92415
4.52389	3.51858	-3.89577	3.89577
4.52389	3.64425	-3.85633	3.85633
4.52389	3.76991	-3.8061	3.8061
4.52389	3.89557	-3.74548	3.74548
4.52389	4.02124	-3.67492	3.67492
4.52389	4.1469	-3.595	3.595
4.52389	4.27257	-3.50637	3.50637
4.52389	4.39823	-3.40982	3.40982
4.52389	4.52389	-3.30624	3.30624
4.52389	4.64956	-3.19666	3.19666
4.52389	4.77522	-3.08228	3.08228
4.52389	4.90088	-2.96444	2.96444
4.52389	5.02655	-2.84469	2.84469
4.52389	5.15221	-2.72479	2.72479
4.52389	5.27788	-2.60674	2.60674
4.52389	5.40354	-2.4928	2.4928
4.52389	5.5292	-2.38548	2.38548
4.52389	5.65487	-2.28751	2.28751
4.52389	5.78053	-2.20179	2.20179
4.52389	5.90619	-2.13121	2.13121
4.52389	6.03186	-2.07849	2.07849
4.52389	6.15752	-2.04586	2.04586

4.64956	0	-2.00394	2.00394
4.64956	0.125664	-2.01565	2.01565
4.64956	0.251327	-2.05019	2.05019
4.64956	0.376991	-2.10592	2.10592
4.64956	0.502655	-2.18037	2.18037
4.64956	0.628319	-2.2706	2.2706
4.64956	0.753982	-2.37348	2.37348
4.64956	0.879646	-2.48592	2.48592
4.64956	1.00531	-2.60503	2.60503
4.64956	1.13097	-2.72818	2.72818
4.64956	1.25664	-2.85305	2.85305
4.64956	1.3823	-2.97756	2.97756
4.64956	1.50796	-3.09991	3.09991
4.64956	1.63363	-3.21854	3.21854
4.64956	1.75929	-3.33206	3.33206
4.64956	1.88496	-3.43927	3.43927
4.64956	2.01062	-3.53913	3.53913
4.64956	2.13628	-3.63074	3.63074
4.64956	2.26195	-3.71331	3.71331
4.64956	2.38761	-3.78617	3.78617
4.64956	2.51327	-3.84874	3.84874
4.64956	2.63894	-3.90057	3.90057
4.64956	2.7646	-3.94126	3.94126
4.64956	2.89027	-3.97054	3.97054
4.64956	3.01593	-3.98819	3.98819
4.64956	3.14159	-3.99408	3.99408
4.64956	3.26726	-3.98819	3.98819
4.64956	3.39292	-3.97054	3.97054
4.64956	3.51858	-3.94126	3.94126
4.64956	3.64425	-3.90057	3.90057
4.64956	3.76991	-3.84874	3.84874
4.64956	3.89557	-3.78617	3.78617
4.64956	4.02124	-3.71331	3.71331
4.64956	4.1469	-3.63074	3.63074
4.64956	4.27257	-3.53913	3.53913
4.64956	4.39823	-3.43927	3.43927
4.64956	4.52389	-3.33206	3.33206
4.64956	4.64956	-3.21854	3.21854
4.64956	4.77522	-3.09991	3.09991
4.64956	4.90088	-2.97756	2.97756
4.64956	5.02655	-2.85305	2.85305
4.64956	5.15221	-2.72818	2.72818
4.64956	5.27788	-2.60503	2.60503
4.64956	5.40354	-2.48592	2.48592
4.64956	5.5292	-2.37348	2.37348
4.64956	5.65487	-2.2706	2.2706
4.64956	5.78053	-2.18037	2.18037
4.64956	5.90619	-2.10592	2.10592
4.64956	6.03186	-2.05019	2.05019
4.64956	6.15752	-2.01565	2.01565

4.77522	0	-2.00394	2.00394
4.77522	0.125664	-2.01565	2.01565
4.77522	0.251327	-2.05019	2.05019
4.77522	0.376991	-2.10592	2.10592
4.77522	0.502655	-2.18037	2.18037
4.77522	0.628319	-2.2706	2.2706
4.77522	0.753982	-2.37348	2.37348
4.77522	0.879646	-2.48592	2.48592
4.77522	1.00531	-2.60503	2.60503
4.77522	1.13097	-2.72818	2.72818
4.77522	1.25664	-2.85305	2.85305
4.77522	1.3823	-2.97756	2.97756
4.77522	1.50796	-3.09991	3.09991
4.77522	1.63363	-3.21854	3.21854
4.77522	1.75929	-3.33206	3.33206
4.77522	1.88496	-3.43927	3.43927
4.77522	2.01062	-3.53913	3.53913
4.77522	2.13628	-3.63074	3.63074
4.77522	2.26195	-3.71331	3.71331
4.77522	2.38761	-3.78617	3.78617
4.77522	2.51327	-3.84874	3.84874
4.77522	2.63894	-3.90057	3.90057
4.77522	2.7646	-3.94126	3.94126
4.77522	2.89027	-3.97054	3.97054
4.77522	3.01593	-3.98819	3.98819
4.77522	3.14159	-3.99408	3.99408
4.77522	3.26726	-3.98819	3.98819
4.77522	3.39292	-3.97054	3.97054
4.77522	3.51858	-3.94126	3.94126
4.77522	3.64425	-3.90057	3.90057
4.77522	3.76991	-3.84874	3.84874
4.77522	3.89557	-3.78617	3.78617
4.77522	4.02124	-3.71331	3.71331
4.77522	4.1469	-3.63074	3.63074
4.77522	4.27257	-3.53913	3.53913
4.77522	4.39823	-3.43927	3.43927
4.77522	4.52389	-3.33206	3.33206
4.77522	4.64956	-3.21854	3.21854
4.77522	4.77522	-3.09991	3.09991
4.77522	4.90088	-2.97756	2.97756
4.77522	5.02655	-2.85305	2.85305
4.77522	5.15221	-2.72818	2.72818
4.77522	5.27788	-2.60503	2.60503
4.77522	5.40354	-2.48592	2.48592
4.77522	5.5292	-2.37348	2.37348
4.77522	5.65487	-2.2706	2.2706
4.77522	5.78053	-2.18037	2.18037
4.77522	5.90619	-2.10592	2.10592
4.77522	6.03186	-2.05019	2.05019
4.77522	6.15752	-2.01565	2.01565

4.90088	0	-2.03481	2.03481
4.90088	0.125664	-2.04586	2.04586
4.90088	0.251327	-2.07849	2.07849
4.90088	0.376991	-2.13121	2.13121
4.90088	0.502655	-2.20179	2.20179
4.90088	0.628319	-2.28751	2.28751
4.90088	0.753982	-2.38548	2.38548
4.90088	0.879646	-2.4928	2.4928
4.90088	1.00531	-2.60674	2.60674
4.90088	1.13097	-2.72479	2.72479
4.90088	1.25664	-2.84469	2.84469
4.90088	1.3823	-2.96444	2.96444
4.90088	1.50796	-3.08228	3.08228
4.90088	1.63363	-3.19666	3.19666
4.90088	1.75929	-3.30624	3.30624
4.90088	1.88496	-3.40982	3.40982
4.90088	2.01062	-3.50637	3.50637
4.90088	2.13628	-3.595	3.595
4.90088	2.26195	-3.67492	3.67492
4.90088	2.38761	-3.74548	3.74548
4.90088	2.51327	-3.8061	3.8061
4.90088	2.63894	-3.85633	3.85633
4.90088	2.7646	-3.89577	3.89577
4.90088	2.89027	-3.92415	3.92415
4.90088	3.01593	-3.94126	3.94126
4.90088	3.14159	-3.94698	3.94698
4.90088	3.26726	-3.94126	3.94126
4.90088	3.39292	-3.92415	3.92415
4.90088	3.51858	-3.89577	3.89577
4.90088	3.64425	-3.85633	3.85633
4.90088	3.76991	-3.8061	3.8061
4.90088	3.89557	-3.74548	3.74548
4.90088	4.02124	-3.67492	3.67492
4.90088	4.1469	-3.595	3.595
4.90088	4.27257	-3.50637	3.50637
4.90088	4.39823	-3.40982	3.40982
4.90088	4.52389	-3.30624	3.30624
4.90088	4.64956	-3.19666	3.19666
4.90088	4.77522	-3.08228	3.08228
4.90088	4.90088	-2.96444	2.96444
4.90088	5.02655	-2.84469	2.84469
4.90088	5.15221	-2.72479	2.72479
4.90088	5.27788	-2.60674	2.60674
4.90088	5.40354	-2.4928	2.4928
4.90088	5.5292	-2.38548	2.38548
4.90088	5.65487	-2.28751	2.28751
4.90088	5.78053	-2.20179	2.20179
4.90088	5.90619	-2.13121	2.13121
4.90088	6.03186	-2.07849	2.07849
4.90088	6.15752	-2.04586	2.04586

5.02655	0	-2.09331	2.09331
5.02655	0.125664	-2.10315	2.10315
5.02655	0.251327	-2.13224	2.13224
5.02655	0.376991	-2.17937	2.17937
5.02655	0.502655	-2.24268	2.24268
5.02655	0.628319	-2.31991	2.31991
5.02655	0.753982	-2.40855	2.40855
5.02655	0.879646	-2.50608	2.50608
5.02655	1.00531	-2.61006	2.61006
5.02655	1.13097	-2.7182	2.7182
5.02655	1.25664	-2.82843	2.82843
5.02655	1.3823	-2.93886	2.93886
5.02655	1.50796	-3.04783	3.04783
5.02655	1.63363	-3.15386	3.15386
5.02655	1.75929	-3.25564	3.25564
5.02655	1.88496	-3.35202	3.35202
5.02655	2.01062	-3.44201	3.44201
5.02655	2.13628	-3.52472	3.52472
5.02655	2.26195	-3.59939	3.59939
5.02655	2.38761	-3.66537	3.66537
5.02655	2.51327	-3.72211	3.72211
5.02655	2.63894	-3.76914	3.76914
5.02655	2.7646	-3.8061	3.8061
5.02655	2.89027	-3.8327	3.8327
5.02655	3.01593	-3.84874	3.84874
5.02655	3.14159	-3.8541	3.8541
5.02655	3.26726	-3.84874	3.84874
5.02655	3.39292	-3.8327	3.8327
5.02655	3.51858	-3.8061	3.8061
5.02655	3.64425	-3.76914	3.76914
5.02655	3.76991	-3.72211	3.72211
5.02655	3.89557	-3.66537	3.66537
5.02655	4.02124	-3.59939	3.59939
5.02655	4.1469	-3.52472	3.52472
5.02655	4.27257	-3.44201	3.44201
5.02655	4.39823	-3.35202	3.35202
5.02655	4.52389	-3.25564	3.25564
5.02655	4.64956	-3.15386	3.15386
5.02655	4.77522	-3.04783	3.04783
5.02655	4.90088	-2.93886	2.93886
5.02655	5.02655	-2.82843	2.82843
5.02655	5.15221	-2.7182	2.7182
5.02655	5.27788	-2.61006	2.61006
5.02655	5.40354	-2.50608	2.50608
5.02655	5.5292	-2.40855	2.40855
5.02655	5.65487	-2.31991	2.31991
5.02655	5.78053	-2.24268	2.24268
5.02655	5.90619	-2.17937	2.17937
5.02655	6.03186	-2.13224	2.13224
5.02655	6.15752	-2.10315	2.10315

5.15221	0	-2.17374	2.17374
5.15221	0.125664	-2.18198	2.18198
5.15221	0.251327	-2.20637	2.20637
5.15221	0.376991	-2.24603	2.24603
5.15221	0.502655	-2.29955	2.29955
5.15221	0.628319	-2.36518	2.36518
5.15221	0.753982	-2.44096	2.44096
5.15221	0.879646	-2.52483	2.52483
5.15221	1.00531	-2.61477	2.61477
5.15221	1.13097	-2.70882	2.70882
5.15221	1.25664	-2.80516	2.80516
5.15221	1.3823	-2.90212	2.90212
5.15221	1.50796	-2.99819	2.99819
5.15221	1.63363	-3.09201	3.09201
5.15221	1.75929	-3.18235	3.18235
5.15221	1.88496	-3.26815	3.26815
5.15221	2.01062	-3.34843	3.34843
5.15221	2.13628	-3.42238	3.42238
5.15221	2.26195	-3.48926	3.48926
5.15221	2.38761	-3.54844	3.54844
5.15221	2.51327	-3.59939	3.59939
5.15221	2.63894	-3.64167	3.64167
5.15221	2.7646	-3.67492	3.67492
5.15221	2.89027	-3.69887	3.69887
5.15221	3.01593	-3.71331	3.71331
5.15221	3.14159	-3.71814	3.71814
5.15221	3.26726	-3.71331	3.71331
5.15221	3.39292	-3.69887	3.69887
5.15221	3.51858	-3.67492	3.67492
5.15221	3.64425	-3.64167	3.64167
5.15221	3.76991	-3.59939	3.59939
5.15221	3.89557	-3.54844	3.54844
5.15221	4.02124	-3.48926	3.48926
5.15221	4.1469	-3.42238	3.42238
5.15221	4.27257	-3.34843	3.34843
5.15221	4.39823	-3.26815	3.26815
5.15221	4.52389	-3.18235	3.18235
5.15221	4.64956	-3.09201	3.09201
5.15221	4.77522	-2.99819	2.99819
5.15221	4.90088	-2.90212	2.90212
5.15221	5.02655	-2.80516	2.80516
5.15221	5.15221	-2.70882	2.70882
5.15221	5.27788	-2.61477	2.61477
5.15221	5.40354	-2.52483	2.52483
5.15221	5.5292	-2.44096	2.44096
5.15221	5.65487	-2.36518	2.36518
5.15221	5.78053	-2.29955	2.29955
5.15221	5.90619	-2.24603	2.24603
5.15221	6.03186	-2.20637	2.20637
5.15221	6.15752	-2.18198	2.18198

5.27788	0	-2.26902	2.26902
5.27788	0.125664	-2.27544	2.27544
5.27788	0.251327	-2.29451	2.29451
5.27788	0.376991	-2.32562	2.32562
5.27788	0.502655	-2.3678	2.3678
5.27788	0.628319	-2.41985	2.41985
5.27788	0.753982	-2.48034	2.48034
5.27788	0.879646	-2.54776	2.54776
5.27788	1.00531	-2.62056	2.62056
5.27788	1.13097	-2.69719	2.69719
5.27788	1.25664	-2.77619	2.77619
5.27788	1.3823	-2.85616	2.85616
5.27788	1.50796	-2.93582	2.93582
5.27788	1.63363	-3.01398	3.01398
5.27788	1.75929	-3.08957	3.08957
5.27788	1.88496	-3.16163	3.16163
5.27788	2.01062	-3.22928	3.22928
5.27788	2.13628	-3.29178	3.29178
5.27788	2.26195	-3.34843	3.34843
5.27788	2.38761	-3.39868	3.39868
5.27788	2.51327	-3.44201	3.44201
5.27788	2.63894	-3.47802	3.47802
5.27788	2.7646	-3.50637	3.50637
5.27788	2.89027	-3.5268	3.5268
5.27788	3.01593	-3.53913	3.53913
5.27788	3.14159	-3.54326	3.54326
5.27788	3.26726	-3.53913	3.53913
5.27788	3.39292	-3.5268	3.5268
5.27788	3.51858	-3.50637	3.50637
5.27788	3.64425	-3.47802	3.47802
5.27788	3.76991	-3.44201	3.44201
5.27788	3.89557	-3.39868	3.39868
5.27788	4.02124	-3.34843	3.34843
5.27788	4.1469	-3.29178	3.29178
5.27788	4.27257	-3.22928	3.22928
5.27788	4.39823	-3.16163	3.16163
5.27788	4.52389	-3.08957	3.08957
5.27788	4.64956	-3.01398	3.01398
5.27788	4.77522	-2.93582	2.93582
5.27788	4.90088	-2.85616	2.85616
5.27788	5.02655	-2.77619	2.77619
5.27788	5.15221	-2.69719	2.69719
5.27788	5.27788	-2.62056	2.62056
5.27788	5.40354	-2.54776	2.54776
5.27788	5.5292	-2.48034	2.48034
5.27788	5.65487	-2.41985	2.41985
5.27788	5.78053	-2.3678	2.3678
5.27788	5.90619	-2.32562	2.32562
5.27788	6.03186	-2.29451	2.29451
5.27788	6.15752	-2.27544	2.27544

5.40354	0	-2.37176	2.37176
5.40354	0.125664	-2.37632	2.37632
5.40354	0.251327	-2.3899	2.3899
5.40354	0.376991	-2.41212	2.41212
5.40354	0.502655	-2.4424	2.4424
5.40354	0.628319	-2.47999	2.47999
5.40354	0.753982	-2.52397	2.52397
5.40354	0.879646	-2.57335	2.57335
5.40354	1.00531	-2.62707	2.62707
5.40354	1.13097	-2.68404	2.68404
5.40354	1.25664	-2.74319	2.74319
5.40354	1.3823	-2.80349	2.80349
5.40354	1.50796	-2.86393	2.86393
5.40354	1.63363	-2.92359	2.92359
5.40354	1.75929	-2.98161	2.98161
5.40354	1.88496	-3.03717	3.03717
5.40354	2.01062	-3.08957	3.08957
5.40354	2.13628	-3.13816	3.13816
5.40354	2.26195	-3.18235	3.18235
5.40354	2.38761	-3.22166	3.22166
5.40354	2.51327	-3.25564	3.25564
5.40354	2.63894	-3.28393	3.28393
5.40354	2.7646	-3.30624	3.30624
5.40354	2.89027	-3.32233	3.32233
5.40354	3.01593	-3.33206	3.33206
5.40354	3.14159	-3.33531	3.33531
5.40354	3.26726	-3.33206	3.33206
5.40354	3.39292	-3.32233	3.32233
5.40354	3.51858	-3.30624	3.30624
5.40354	3.64425	-3.28393	3.28393
5.40354	3.76991	-3.25564	3.25564
5.40354	3.89557	-3.22166	3.22166
5.40354	4.02124	-3.18235	3.18235
5.40354	4.1469	-3.13816	3.13816
5.40354	4.27257	-3.08957	3.08957
5.40354	4.39823	-3.03717	3.03717
5.40354	4.52389	-2.98161	2.98161
5.40354	4.64956	-2.92359	2.92359
5.40354	4.77522	-2.86393	2.86393
5.40354	4.90088	-2.80349	2.80349
5.40354	5.02655	-2.74319	2.74319
5.40354	5.15221	-2.68404	2.68404
5.40354	5.27788	-2.62707	2.62707
5.40354	5.40354	-2.57335	2.57335
5.40354	5.5292	-2.52397	2.52397
5.40354	5.65487	-2.47999	2.47999
5.40354	5.78053	-2.4424	2.4424
5.40354	5.90619	-2.41212	2.41212
5.40354	6.03186	-2.3899	2.3899
5.40354	6.15752	-2.37632	2.37632

5.5292	0	-2.47499	2.47499
5.5292	0.125664	-2.47778	2.47778
5.5292	0.251327	-2.48607	2.48607
5.5292	0.376991	-2.49968	2.49968
5.5292	0.502655	-2.51831	2.51831
5.5292	0.628319	-2.54157	2.54157
5.5292	0.753982	-2.56896	2.56896
5.5292	0.879646	-2.59994	2.59994
5.5292	1.00531	-2.63388	2.63388
5.5292	1.13097	-2.67017	2.67017
5.5292	1.25664	-2.70814	2.70814
5.5292	1.3823	-2.74713	2.74713
5.5292	1.50796	-2.7865	2.7865
5.5292	1.63363	-2.82564	2.82564
5.5292	1.75929	-2.86393	2.86393
5.5292	1.88496	-2.90083	2.90083
5.5292	2.01062	-2.93582	2.93582
5.5292	2.13628	-2.96842	2.96842
5.5292	2.26195	-2.99819	2.99819
5.5292	2.38761	-3.02478	3.02478
5.5292	2.51327	-3.04783	3.04783
5.5292	2.63894	-3.06707	3.06707
5.5292	2.7646	-3.08228	3.08228
5.5292	2.89027	-3.09327	3.09327
5.5292	3.01593	-3.09991	3.09991
5.5292	3.14159	-3.10214	3.10214
5.5292	3.26726	-3.09991	3.09991
5.5292	3.39292	-3.09327	3.09327
5.5292	3.51858	-3.08228	3.08228
5.5292	3.64425	-3.06707	3.06707
5.5292	3.76991	-3.04783	3.04783
5.5292	3.89557	-3.02478	3.02478
5.5292	4.02124	-2.99819	2.99819
5.5292	4.1469	-2.96842	2.96842
5.5292	4.27257	-2.93582	2.93582
5.5292	4.39823	-2.90083	2.90083
5.5292	4.52389	-2.86393	2.86393
5.5292	4.64956	-2.82564	2.82564
5.5292	4.77522	-2.7865	2.7865
5.5292	4.90088	-2.74713	2.74713
5.5292	5.02655	-2.70814	2.70814
5.5292	5.15221	-2.67017	2.67017
5.5292	5.27788	-2.63388	2.63388
5.5292	5.40354	-2.59994	2.59994
5.5292	5.5292	-2.56896	2.56896
5.5292	5.65487	-2.54157	2.54157
5.5292	5.78053	-2.51831	2.51831
5.5292	5.90619	-2.49968	2.49968
5.5292	6.03186	-2.48607	2.48607
5.5292	6.15752	-2.47778	2.47778

5.65487	0	-2.57255	2.57255
5.65487	0.125664	-2.57372	2.57372
5.65487	0.251327	-2.57721	2.57721
5.65487	0.376991	-2.58296	2.58296
5.65487	0.502655	-2.59085	2.59085
5.65487	0.628319	-2.60076	2.60076
5.65487	0.753982	-2.61249	2.61249
5.65487	0.879646	-2.62584	2.62584
5.65487	1.00531	-2.64057	2.64057
5.65487	1.13097	-2.65644	2.65644
5.65487	1.25664	-2.67318	2.67318
5.65487	1.3823	-2.69051	2.69051
5.65487	1.50796	-2.70814	2.70814
5.65487	1.63363	-2.72579	2.72579
5.65487	1.75929	-2.74319	2.74319
5.65487	1.88496	-2.76008	2.76008
5.65487	2.01062	-2.77619	2.77619
5.65487	2.13628	-2.79129	2.79129
5.65487	2.26195	-2.80516	2.80516
5.65487	2.38761	-2.8176	2.8176
5.65487	2.51327	-2.82843	2.82843
5.65487	2.63894	-2.8375	2.8375
5.65487	2.7646	-2.84469	2.84469
5.65487	2.89027	-2.84989	2.84989
5.65487	3.01593	-2.85305	2.85305
5.65487	3.14159	-2.8541	2.8541
5.65487	3.26726	-2.85305	2.85305
5.65487	3.39292	-2.84989	2.84989
5.65487	3.51858	-2.84469	2.84469
5.65487	3.64425	-2.8375	2.8375
5.65487	3.76991	-2.82843	2.82843
5.65487	3.89557	-2.8176	2.8176
5.65487	4.02124	-2.80516	2.80516
5.65487	4.1469	-2.79129	2.79129
5.65487	4.27257	-2.77619	2.77619
5.65487	4.39823	-2.76008	2.76008
5.65487	4.52389	-2.74319	2.74319
5.65487	4.64956	-2.72579	2.72579
5.65487	4.77522	-2.70814	2.70814
5.65487	4.90088	-2.69051	2.69051
5.65487	5.02655	-2.67318	2.67318
5.65487	5.15221	-2.65644	2.65644
5.65487	5.27788	-2.64057	2.64057
5.65487	5.40354	-2.62584	2.62584
5.65487	5.5292	-2.61249	2.61249
5.65487	5.65487	-2.60076	2.60076
5.65487	5.78053	-2.59085	2.59085
5.65487	5.90619	-2.58296	2.58296
5.65487	6.03186	-2.57721	2.57721
5.65487	6.15752	-2.57372	2.57372

5.78053	0	-2.65926	2.65926
5.78053	0.125664	-2.65905	2.65905
5.78053	0.251327	-2.65841	2.65841
5.78053	0.376991	-2.65737	2.65737
5.78053	0.502655	-2.65592	2.65592
5.78053	0.628319	-2.65411	2.65411
5.78053	0.753982	-2.65195	2.65195
5.78053	0.879646	-2.64947	2.64947
5.78053	1.00531	-2.64672	2.64672
5.78053	1.13097	-2.64374	2.64374
5.78053	1.25664	-2.64057	2.64057
5.78053	1.3823	-2.63727	2.63727
5.78053	1.50796	-2.63388	2.63388
5.78053	1.63363	-2.63047	2.63047
5.78053	1.75929	-2.62707	2.62707
5.78053	1.88496	-2.62375	2.62375
5.78053	2.01062	-2.62056	2.62056
5.78053	2.13628	-2.61755	2.61755
5.78053	2.26195	-2.61477	2.61477
5.78053	2.38761	-2.61226	2.61226
5.78053	2.51327	-2.61006	2.61006
5.78053	2.63894	-2.60821	2.60821
5.78053	2.7646	-2.60674	2.60674
5.78053	2.89027	-2.60567	2.60567
5.78053	3.01593	-2.60503	2.60503
5.78053	3.14159	-2.60481	2.60481
5.78053	3.26726	-2.60503	2.60503
5.78053	3.39292	-2.60567	2.60567
5.78053	3.51858	-2.60674	2.60674
5.78053	3.64425	-2.60821	2.60821
5.78053	3.76991	-2.61006	2.61006
5.78053	3.89557	-2.61226	2.61226
5.78053	4.02124	-2.61477	2.61477
5.78053	4.1469	-2.61755	2.61755
5.78053	4.27257	-2.62056	2.62056
5.78053	4.39823	-2.62375	2.62375
5.78053	4.52389	-2.62707	2.62707
5.78053	4.64956	-2.63047	2.63047
5.78053	4.77522	-2.63388	2.63388
5.78053	4.90088	-2.63727	2.63727
5.78053	5.02655	-2.64057	2.64057
5.78053	5.15221	-2.64374	2.64374
5.78053	5.27788	-2.64672	2.64672
5.78053	5.40354	-2.64947	2.64947
5.78053	5.5292	-2.65195	2.65195
5.78053	5.65487	-2.65411	2.65411
5.78053	5.78053	-2.65592	2.65592
5.78053	5.90619	-2.65737	2.65737
5.78053	6.03186	-2.65841	2.65841
5.78053	6.15752	-2.65905	2.65905

5.90619	0	-2.73092	2.73092
5.90619	0.125664	-2.7296	2.7296
5.90619	0.251327	-2.72565	2.72565
5.90619	0.376991	-2.71912	2.71912
5.90619	0.502655	-2.7101	2.7101
5.90619	0.628319	-2.69871	2.69871
5.90619	0.753982	-2.68509	2.68509
5.90619	0.879646	-2.66943	2.66943
5.90619	1.00531	-2.65195	2.65195
5.90619	1.13097	-2.63287	2.63287
5.90619	1.25664	-2.61249	2.61249
5.90619	1.3823	-2.59108	2.59108
5.90619	1.50796	-2.56896	2.56896
5.90619	1.63363	-2.54648	2.54648
5.90619	1.75929	-2.52397	2.52397
5.90619	1.88496	-2.50181	2.50181
5.90619	2.01062	-2.48034	2.48034
5.90619	2.13628	-2.45994	2.45994
5.90619	2.26195	-2.44096	2.44096
5.90619	2.38761	-2.42372	2.42372
5.90619	2.51327	-2.40855	2.40855
5.90619	2.63894	-2.39572	2.39572
5.90619	2.7646	-2.38548	2.38548
5.90619	2.89027	-2.37802	2.37802
5.90619	3.01593	-2.37348	2.37348
5.90619	3.14159	-2.37196	2.37196
5.90619	3.26726	-2.37348	2.37348
5.90619	3.39292	-2.37802	2.37802
5.90619	3.51858	-2.38548	2.38548
5.90619	3.64425	-2.39572	2.39572
5.90619	3.76991	-2.40855	2.40855
5.90619	3.89557	-2.42372	2.42372
5.90619	4.02124	-2.44096	2.44096
5.90619	4.1469	-2.45994	2.45994
5.90619	4.27257	-2.48034	2.48034
5.90619	4.39823	-2.50181	2.50181
5.90619	4.52389	-2.52397	2.52397
5.90619	4.64956	-2.54648	2.54648
5.90619	4.77522	-2.56896	2.56896
5.90619	4.90088	-2.59108	2.59108
5.90619	5.02655	-2.61249	2.61249
5.90619	5.15221	-2.63287	2.63287
5.90619	5.27788	-2.65195	2.65195
5.90619	5.40354	-2.66943	2.66943
5.90619	5.5292	-2.68509	2.68509
5.90619	5.65487	-2.69871	2.69871
5.90619	5.78053	-2.7101	2.7101
5.90619	5.90619	-2.71912	2.71912
5.90619	6.03186	-2.72565	2.72565
5.90619	6.15752	-2.7296	2.7296

6.03186	0	-2.78435	2.78435
6.03186	0.125664	-2.78222	2.78222
6.03186	0.251327	-2.77585	2.77585
6.03186	0.376991	-2.7653	2.7653
6.03186	0.502655	-2.75071	2.75071
6.03186	0.628319	-2.73224	2.73224
6.03186	0.753982	-2.7101	2.7101
6.03186	0.879646	-2.68456	2.68456
6.03186	1.00531	-2.65592	2.65592
6.03186	1.13097	-2.62455	2.62455
6.03186	1.25664	-2.59085	2.59085
6.03186	1.3823	-2.55528	2.55528
6.03186	1.50796	-2.51831	2.51831
6.03186	1.63363	-2.4805	2.4805
6.03186	1.75929	-2.4424	2.4424
6.03186	1.88496	-2.40463	2.40463
6.03186	2.01062	-2.3678	2.3678
6.03186	2.13628	-2.33256	2.33256
6.03186	2.26195	-2.29955	2.29955
6.03186	2.38761	-2.26939	2.26939
6.03186	2.51327	-2.24268	2.24268
6.03186	2.63894	-2.21999	2.21999
6.03186	2.7646	-2.20179	2.20179
6.03186	2.89027	-2.18848	2.18848
6.03186	3.01593	-2.18037	2.18037
6.03186	3.14159	-2.17765	2.17765
6.03186	3.26726	-2.18037	2.18037
6.03186	3.39292	-2.18848	2.18848
6.03186	3.51858	-2.20179	2.20179
6.03186	3.64425	-2.21999	2.21999
6.03186	3.76991	-2.24268	2.24268
6.03186	3.89557	-2.26939	2.26939
6.03186	4.02124	-2.29955	2.29955
6.03186	4.1469	-2.33256	2.33256
6.03186	4.27257	-2.3678	2.3678
6.03186	4.39823	-2.40463	2.40463
6.03186	4.52389	-2.4424	2.4424
6.03186	4.64956	-2.4805	2.4805
6.03186	4.77522	-2.51831	2.51831
6.03186	4.90088	-2.55528	2.55528
6.03186	5.02655	-2.59085	2.59085
6.03186	5.15221	-2.62455	2.62455
6.03186	5.27788	-2.65592	2.65592
6.03186	5.40354	-2.68456	2.68456
6.03186	5.5292	-2.7101	2.7101
6.03186	5.65487	-2.73224	2.73224
6.03186	5.78053	-2.75071	2.75071
6.03186	5.90619	-2.7653	2.7653
6.03186	6.03186	-2.77585	2.77585
6.03186	6.15752	-2.78222	2.78222

6.15752	0	-2.8173	2.8173
6.15752	0.125664	-2.81467	2.81467
6.15752	0.251327	-2.80683	2.80683
6.15752	0.376991	-2.79384	2.79384
6.15752	0.502655	-2.77585	2.77585
6.15752	0.628319	-2.75303	2.75303
6.15752	0.753982	-2.72565	2.72565
6.15752	0.879646	-2.69399	2.69399
6.15752	1.00531	-2.65841	2.65841
6.15752	1.13097	-2.61933	2.61933
6.15752	1.25664	-2.57721	2.57721
6.15752	1.3823	-2.5326	2.5326
6.15752	1.50796	-2.48607	2.48607
6.15752	1.63363	-2.43827	2.43827
6.15752	1.75929	-2.3899	2.3899
6.15752	1.88496	-2.34172	2.34172
6.15752	2.01062	-2.29451	2.29451
6.15752	2.13628	-2.24911	2.24911
6.15752	2.26195	-2.20637	2.20637
6.15752	2.38761	-2.16714	2.16714
6.15752	2.51327	-2.13224	2.13224
6.15752	2.63894	-2.10246	2.10246
6.15752	2.7646	-2.07849	2.07849
6.15752	2.89027	-2.06092	2.06092
6.15752	3.01593	-2.05019	2.05019
6.15752	3.14159	-2.04658	2.04658
6.15752	3.26726	-2.05019	2.05019
6.15752	3.39292	-2.06092	2.06092
6.15752	3.51858	-2.07849	2.07849
6.15752	3.64425	-2.10246	2.10246
6.15752	3.76991	-2.13224	2.13224
6.15752	3.89557	-2.16714	2.16714
6.15752	4.02124	-2.20637	2.20637
6.15752	4.1469	-2.24911	2.24911
6.15752	4.27257	-2.29451	2.29451
6.15752	4.39823	-2.34172	2.34172
6.15752	4.52389	-2.3899	2.3899
6.15752	4.64956	-2.43827	2.43827
6.15752	4.77522	-2.48607	2.48607
6.15752	4.90088	-2.5326	2.5326
6.15752	5.02655	-2.57721	2.57721
6.15752	5.15221	-2.61933	2.61933
6.15752	5.27788	-2.65841	2.65841
6.15752	5.40354	-2.69399	2.69399
6.15752	5.5292	-2.72565	2.72565
6.15752	5.65487	-2.75303	2.75303
6.15752	5.78053	-2.77585	2.77585
6.15752	5.90619	-2.79384	2.79384
6.15752	6.03186	-2.80683	2.80683
6.15752	6.15752	-2.81467	2.81467

