#1:n	2:kx	3:s(n,kx)
0	0	6.46884e-16
0	1	7.90466e-16
0	2	7.68697e-16
0	3	7.88715e-16
0	4	7.8488e-16
0	5	8.15195e-16
0	6	8.1274e-16
0	7	7.99262e-16
0	8	7.85056e-16
0	9	8.32828e-16
0	10	8.15686e-16
0	11	8.30376e-16
0	12	8.0136e-16
0	13	8.02169e-16
0	14	8.18804e-16
0	15	7.80828e-16
0	16	7.83525e-16
0	17	7.92016e-16
0	18	7.76248e-16
0	19	7.89569e-16
0	20	7.20502e-16
0	21	7.86857e-16
0	22	7.81864e-16
0	23	7.78897e-16
0	24	7.89123e-16
0	25	7.91853e-16
0	26	8.08571e-16
0	27	8.01829e-16
0	28	8.19617e-16
0	29	8.28312e-16
0	30	8.41439e-16
0	31	8.45108e-16
0	32	8.44941e-16
0	33	8.3247e-16
0	34	8.25582e-16
0	35	8.46393e-16
0	36	8.10284e-16
0	37	8.29062e-16
0	38	8.38047e-16
0	39	8.36788e-16

1	0	7.27561e-16
1	1	7.94676e-16
1	2	7.76246e-16
1	3	8.03257e-16
1	4	8.15863e-16
1	5	8.18823e-16
1	6	8.18425e-16
1	7	8.32664e-16
1	8	8.25405e-16
1	9	8.36653e-16
1	10	8.28398e-16
1	11	8.35798e-16
1	12	8.31366e-16
1	13	8.09572e-16
1	14	8.26141e-16
1	15	8.03822e-16
1	16	7.99519e-16
1	17	7.92443e-16
1	18	7.84261e-16
1	19	8.02398e-16
1	20	7.70282e-16
1	21	7.87943e-16
1	22	7.94178e-16
1	23	7.92193e-16
1	24	7.96692e-16
1	25	8.07245e-16
1	26	8.09253e-16
1	27	8.27619e-16
1	28	8.26999e-16
1	29	8.29038e-16
1	30	8.44438e-16
1	31	8.51129e-16
1	32	8.58616e-16
1	33	8.4754e-16
1	34	8.51674e-16
1	35	8.47302e-16
1	36	8.45281e-16
1	37	8.37248e-16
1	38	8.51385e-16
1	39	8.48975e-16

2	0	7.35939e-16
2	1	7.96743e-16
2	2	7.94084e-16
2	3	8.06288e-16
2	4	8.17519e-16
2	5	8.29047e-16
2	6	8.20412e-16
2	7	8.35992e-16
2	8	8.28335e-16
2	9	8.42287e-16
2	10	8.29363e-16
2	11	8.41143e-16
2	12	8.32387e-16
2	13	8.1215e-16
2	14	8.28565e-16
2	15	8.05318e-16
2	16	8.01553e-16
2	17	7.98645e-16
2	18	7.88162e-16
2	19	8.04674e-16
2	20	7.83843e-16
2	21	8.0631e-16
2	22	7.98435e-16
2	23	8.05424e-16
2	24	7.97577e-16
2	25	8.11649e-16
2	26	8.14737e-16
2	27	8.33065e-16
2	28	8.39824e-16
2	29	8.35758e-16
2	30	8.4658e-16
2	31	8.57015e-16
2	32	8.61553e-16
2	33	8.52942e-16
2	34	8.52155e-16
2	35	8.52203e-16
2	36	8.46244e-16
2	37	8.4588e-16
2	38	8.64816e-16
2	39	8.61329e-16

3	0	7.44126e-16
3	1	7.97108e-16
3	2	7.97738e-16
3	3	8.27987e-16
3	4	8.20307e-16
3	5	8.2956e-16
3	6	8.25467e-16
3	7	8.36026e-16
3	8	8.29876e-16
3	9	8.42324e-16
3	10	8.44331e-16
3	11	8.4392e-16
3	12	8.41274e-16
3	13	8.14591e-16
3	14	8.31168e-16
3	15	8.09046e-16
3	16	8.03921e-16
3	17	8.01408e-16
3	18	7.97022e-16
3	19	8.04757e-16
3	20	7.99038e-16
3	21	8.06601e-16
3	22	8.03238e-16
3	23	8.07264e-16
3	24	8.00913e-16
3	25	8.15271e-16
3	26	8.2656e-16
3	27	8.35989e-16
3	28	8.46416e-16
3	29	8.38513e-16
3	30	8.55896e-16
3	31	8.61803e-16
3	32	8.6156e-16
3	33	8.67068e-16
3	34	8.55252e-16
3	35	8.65069e-16
3	36	8.60912e-16
3	37	8.46442e-16
3	38	8.68968e-16
3	39	8.62179e-16

4	0	7.44369e-16
4	1	7.97898e-16
4	2	8.03676e-16
4	3	8.33872e-16
4	4	8.21883e-16
4	5	8.30067e-16
4	6	8.35935e-16
4	7	8.39494e-16
4	8	8.40631e-16
4	9	8.44373e-16
4	10	8.44453e-16
4	11	8.44938e-16
4	12	8.53443e-16
4	13	8.31253e-16
4	14	8.31539e-16
4	15	8.12791e-16
4	16	8.09416e-16
4	17	8.0376e-16
4	18	8.06608e-16
4	19	8.05551e-16
4	20	8.02926e-16
4	21	8.09587e-16
4	22	8.03703e-16
4	23	8.13066e-16
4	24	8.06197e-16
4	25	8.15825e-16
4	26	8.32056e-16
4	27	8.37445e-16
4	28	8.49316e-16
4	29	8.45502e-16
4	30	8.58504e-16
4	31	8.63192e-16
4	32	8.69924e-16
4	33	8.67323e-16
4	34	8.62687e-16
4	35	8.65677e-16
4	36	8.62627e-16
4	37	8.47812e-16
4	38	8.69215e-16
4	39	8.6227e-16

5	0	7.45561e-16
5	1	8.05022e-16
5	2	8.12021e-16
5	3	8.33897e-16
5	4	8.22072e-16
5	5	8.31911e-16
5	6	8.46131e-16
5	7	8.43211e-16
5	8	8.41343e-16
5	9	8.44425e-16
5	10	8.4532e-16
5	11	8.51526e-16
5	12	8.53993e-16
5	13	8.32844e-16
5	14	8.35117e-16
5	15	8.16335e-16
5	16	8.11024e-16
5	17	8.0675e-16
5	18	8.10364e-16
5	19	8.11493e-16
5	20	8.05171e-16
5	21	8.14861e-16
5	22	8.03948e-16
5	23	8.15319e-16
5	24	8.17206e-16
5	25	8.27451e-16
5	26	8.34792e-16
5	27	8.37499e-16
5	28	8.5604e-16
5	29	8.48313e-16
5	30	8.60386e-16
5	31	8.7109e-16
5	32	8.75121e-16
5	33	8.67934e-16
5	34	8.65392e-16
5	35	8.68406e-16
5	36	8.62927e-16
5	37	8.53832e-16
5	38	8.70163e-16
5	39	8.6787e-16

6	0	7.48346e-16
6	1	8.06614e-16
6	2	8.16587e-16
6	3	8.38955e-16
6	4	8.22744e-16
6	5	8.3195e-16
6	6	8.47725e-16
6	7	8.43925e-16
6	8	8.43327e-16
6	9	8.53974e-16
6	10	8.49273e-16
6	11	8.57177e-16
6	12	8.56475e-16
6	13	8.35567e-16
6	14	8.35989e-16
6	15	8.18275e-16
6	16	8.1392e-16
6	17	8.0742e-16
6	18	8.13944e-16
6	19	8.12552e-16
6	20	8.12432e-16
6	21	8.21433e-16
6	22	8.06172e-16
6	23	8.15434e-16
6	24	8.2455e-16
6	25	8.3169e-16
6	26	8.41009e-16
6	27	8.4625e-16
6	28	8.59436e-16
6	29	8.48577e-16
6	30	8.60911e-16
6	31	8.74179e-16
6	32	8.75968e-16
6	33	8.69307e-16
6	34	8.65532e-16
6	35	8.72877e-16
6	36	8.65969e-16
6	37	8.57235e-16
6	38	8.7816e-16
6	39	8.73188e-16

7	0	7.48829e-16
7	1	8.07802e-16
7	2	8.16956e-16
7	3	8.417e-16
7	4	8.26827e-16
7	5	8.36899e-16
7	6	8.51549e-16
7	7	8.4984e-16
7	8	8.43422e-16
7	9	8.66416e-16
7	10	8.52439e-16
7	11	8.65584e-16
7	12	8.58726e-16
7	13	8.36125e-16
7	14	8.3978e-16
7	15	8.1923e-16
7	16	8.26034e-16
7	17	8.15148e-16
7	18	8.18559e-16
7	19	8.16469e-16
7	20	8.1451e-16
7	21	8.26108e-16
7	22	8.18029e-16
7	23	8.16407e-16
7	24	8.24929e-16
7	25	8.31724e-16
7	26	8.42017e-16
7	27	8.47917e-16
7	28	8.59584e-16
7	29	8.50211e-16
7	30	8.66244e-16
7	31	8.77135e-16
7	32	8.77636e-16
7	33	8.71069e-16
7	34	8.72194e-16
7	35	8.76279e-16
7	36	8.71384e-16
7	37	8.57657e-16
7	38	8.81061e-16
7	39	8.80941e-16

8	0	7.53162e-16
8	1	8.11301e-16
8	2	8.17097e-16
8	3	8.4245e-16
8	4	8.2763e-16
8	5	8.36961e-16
8	6	8.51634e-16
8	7	8.50311e-16
8	8	8.46541e-16
8	9	8.72557e-16
8	10	8.5859e-16
8	11	8.67653e-16
8	12	8.63508e-16
8	13	8.40178e-16
8	14	8.45312e-16
8	15	8.26018e-16
8	16	8.27165e-16
8	17	8.172e-16
8	18	8.21781e-16
8	19	8.3008e-16
8	20	8.1567e-16
8	21	8.26343e-16
8	22	8.18256e-16
8	23	8.17681e-16
8	24	8.28815e-16
8	25	8.321e-16
8	26	8.45745e-16
8	27	8.59915e-16
8	28	8.61675e-16
8	29	8.64226e-16
8	30	8.71154e-16
8	31	8.77431e-16
8	32	8.81437e-16
8	33	8.71597e-16
8	34	8.74535e-16
8	35	8.81561e-16
8	36	8.79912e-16
8	37	8.63815e-16
8	38	8.81855e-16
8	39	8.83729e-16

9	0	7.55716e-16
9	1	8.14132e-16
9	2	8.25538e-16
9	3	8.44278e-16
9	4	8.29975e-16
9	5	8.42614e-16
9	6	8.5211e-16
9	7	8.546e-16
9	8	8.66068e-16
9	9	8.80202e-16
9	10	8.59784e-16
9	11	8.70831e-16
9	12	8.6569e-16
9	13	8.44617e-16
9	14	8.51132e-16
9	15	8.33811e-16
9	16	8.29795e-16
9	17	8.19329e-16
9	18	8.24451e-16
9	19	8.30277e-16
9	20	8.20663e-16
9	21	8.35984e-16
9	22	8.19273e-16
9	23	8.21815e-16
9	24	8.3272e-16
9	25	8.38446e-16
9	26	8.48729e-16
9	27	8.67909e-16
9	28	8.61925e-16
9	29	8.66554e-16
9	30	8.71464e-16
9	31	8.77925e-16
9	32	8.84558e-16
9	33	8.75443e-16
9	34	8.74747e-16
9	35	8.87051e-16
9	36	8.8516e-16
9	37	8.66252e-16
9	38	8.82525e-16
9	39	8.83836e-16

10	0	7.57564e-16
10	1	8.15342e-16
10	2	8.26181e-16
10	3	8.46234e-16
10	4	8.31285e-16
10	5	8.47208e-16
10	6	8.57285e-16
10	7	8.57697e-16
10	8	8.79847e-16
10	9	8.89648e-16
10	10	8.60396e-16
10	11	8.72221e-16
10	12	8.65765e-16
10	13	8.53368e-16
10	14	8.55978e-16
10	15	8.34817e-16
10	16	8.3825e-16
10	17	8.19802e-16
10	18	8.39617e-16
10	19	8.33743e-16
10	20	8.32963e-16
10	21	8.43108e-16
10	22	8.24068e-16
10	23	8.22224e-16
10	24	8.41242e-16
10	25	8.39524e-16
10	26	8.50608e-16
10	27	8.709e-16
10	28	8.64274e-16
10	29	8.69551e-16
10	30	8.74528e-16
10	31	8.88527e-16
10	32	8.86604e-16
10	33	8.80833e-16
10	34	8.78947e-16
10	35	8.95572e-16
10	36	8.8745e-16
10	37	8.88088e-16
10	38	8.8299e-16
10	39	8.91405e-16

11	0	7.75501e-16
11	1	8.16999e-16
11	2	8.3509e-16
11	3	8.4915e-16
11	4	8.37675e-16
11	5	8.5194e-16
11	6	8.67097e-16
11	7	8.61692e-16
11	8	8.79898e-16
11	9	8.89767e-16
11	10	8.67548e-16
11	11	8.80339e-16
11	12	8.68401e-16
11	13	8.53504e-16
11	14	8.61201e-16
11	15	8.37754e-16
11	16	8.39774e-16
11	17	8.23047e-16
11	18	8.49105e-16
11	19	8.44042e-16
11	20	8.43398e-16
11	21	8.47781e-16
11	22	8.3296e-16
11	23	8.29289e-16
11	24	8.45686e-16
11	25	8.52117e-16
11	26	8.54848e-16
11	27	8.98721e-16
11	28	8.6928e-16
11	29	8.70792e-16
11	30	8.77249e-16
11	31	8.88682e-16
11	32	8.90489e-16
11	33	8.81489e-16
11	34	8.81016e-16
11	35	9.03217e-16
11	36	8.97742e-16
11	37	8.88844e-16
11	38	8.84314e-16
11	39	8.93812e-16

12	0	7.76412e-16
12	1	8.20369e-16
12	2	8.47409e-16
12	3	8.52818e-16
12	4	8.41118e-16
12	5	8.55035e-16
12	6	8.69524e-16
12	7	8.62611e-16
12	8	8.81944e-16
12	9	8.94203e-16
12	10	8.73509e-16
12	11	8.82299e-16
12	12	8.75138e-16
12	13	8.53597e-16
12	14	8.62894e-16
12	15	8.53751e-16
12	16	8.47307e-16
12	17	8.24841e-16
12	18	8.73926e-16
12	19	8.53084e-16
12	20	8.47578e-16
12	21	8.51413e-16
12	22	8.34017e-16
12	23	8.37848e-16
12	24	8.47967e-16
12	25	8.58204e-16
12	26	8.61889e-16
12	27	9.03869e-16
12	28	8.71053e-16
12	29	8.74217e-16
12	30	8.79648e-16
12	31	8.89908e-16
12	32	8.92217e-16
12	33	8.82976e-16
12	34	8.82353e-16
12	35	9.03993e-16
12	36	9.02089e-16
12	37	8.89341e-16
12	38	8.86482e-16
12	39	9.10758e-16

13	0	7.83333e-16
13	1	8.21993e-16
13	2	8.64017e-16
13	3	8.57521e-16
13	4	8.49038e-16
13	5	8.60845e-16
13	6	8.74902e-16
13	7	8.64197e-16
13	8	8.87901e-16
13	9	8.96491e-16
13	10	8.76388e-16
13	11	8.85886e-16
13	12	8.87864e-16
13	13	8.60395e-16
13	14	8.71357e-16
13	15	8.60383e-16
13	16	8.50173e-16
13	17	8.48537e-16
13	18	8.78036e-16
13	19	8.56525e-16
13	20	8.57739e-16
13	21	8.58688e-16
13	22	8.35001e-16
13	23	8.44132e-16
13	24	8.49794e-16
13	25	8.69071e-16
13	26	8.6408e-16
13	27	9.09341e-16
13	28	8.77451e-16
13	29	8.90475e-16
13	30	8.92006e-16
13	31	8.91131e-16
13	32	8.94521e-16
13	33	8.85449e-16
13	34	8.97502e-16
13	35	9.09857e-16
13	36	9.0365e-16
13	37	8.97481e-16
13	38	8.86651e-16
13	39	9.23717e-16

14	0	7.84261e-16
14	1	8.2515e-16
14	2	8.65365e-16
14	3	8.60915e-16
14	4	8.53297e-16
14	5	8.61258e-16
14	6	8.75065e-16
14	7	8.72908e-16
14	8	8.96247e-16
14	9	8.98592e-16
14	10	8.86142e-16
14	11	9.01652e-16
14	12	8.89903e-16
14	13	8.64869e-16
14	14	8.75039e-16
14	15	8.6572e-16
14	16	8.66207e-16
14	17	8.52555e-16
14	18	8.79069e-16
14	19	8.73804e-16
14	20	8.58204e-16
14	21	8.66448e-16
14	22	8.53243e-16
14	23	8.59596e-16
14	24	8.5649e-16
14	25	8.73669e-16
14	26	8.66047e-16
14	27	9.11974e-16
14	28	8.80222e-16
14	29	8.97652e-16
14	30	8.94367e-16
14	31	9.15861e-16
14	32	8.95968e-16
14	33	8.92867e-16
14	34	9.03186e-16
14	35	9.22881e-16
14	36	9.07605e-16
14	37	8.98273e-16
14	38	8.87077e-16
14	39	9.30632e-16

15	0	7.90332e-16
15	1	8.40515e-16
15	2	8.65833e-16
15	3	8.64073e-16
15	4	8.53491e-16
15	5	8.69806e-16
15	6	8.78548e-16
15	7	8.762e-16
15	8	9.08635e-16
15	9	9.06961e-16
15	10	9.23624e-16
15	11	9.02635e-16
15	12	9.23223e-16
15	13	8.86835e-16
15	14	8.78515e-16
15	15	8.77335e-16
15	16	8.7469e-16
15	17	8.95934e-16
15	18	8.8924e-16
15	19	8.79488e-16
15	20	8.604e-16
15	21	8.67601e-16
15	22	8.55348e-16
15	23	8.88503e-16
15	24	8.59126e-16
15	25	8.92245e-16
15	26	8.68212e-16
15	27	9.14835e-16
15	28	8.86788e-16
15	29	8.98599e-16
15	30	8.9477e-16
15	31	9.26019e-16
15	32	8.9953e-16
15	33	8.97512e-16
15	34	9.17011e-16
15	35	9.2731e-16
15	36	9.09137e-16
15	37	9.13529e-16
15	38	9.02191e-16
15	39	9.30848e-16

16	0	7.96932e-16
16	1	8.70424e-16
16	2	8.74792e-16
16	3	8.65266e-16
16	4	8.57817e-16
16	5	8.70285e-16
16	6	8.79762e-16
16	7	8.76548e-16
16	8	9.16535e-16
16	9	9.10865e-16
16	10	9.26434e-16
16	11	9.31834e-16
16	12	9.23397e-16
16	13	8.92731e-16
16	14	8.79836e-16
16	15	8.8456e-16
16	16	8.8821e-16
16	17	9.02073e-16
16	18	8.89272e-16
16	19	8.81508e-16
16	20	8.74147e-16
16	21	8.80166e-16
16	22	8.74412e-16
16	23	9.01226e-16
16	24	8.60828e-16
16	25	9.02294e-16
16	26	8.75793e-16
16	27	9.21217e-16
16	28	8.89284e-16
16	29	9.03223e-16
16	30	9.09195e-16
16	31	9.27263e-16
16	32	9.03687e-16
16	33	8.98377e-16
16	34	9.21129e-16
16	35	9.29177e-16
16	36	9.18586e-16
16	37	9.24419e-16
16	38	9.04016e-16
16	39	9.37124e-16

17	0	8.00304e-16
17	1	8.72467e-16
17	2	8.78799e-16
17	3	8.75361e-16
17	4	8.60002e-16
17	5	8.75288e-16
17	6	8.98197e-16
17	7	8.99451e-16
17	8	9.21572e-16
17	9	9.17144e-16
17	10	9.40762e-16
17	11	9.43383e-16
17	12	9.26889e-16
17	13	8.93666e-16
17	14	8.88322e-16
17	15	8.85083e-16
17	16	9.08692e-16
17	17	9.13158e-16
17	18	8.90022e-16
17	19	8.82016e-16
17	20	8.8193e-16
17	21	8.89484e-16
17	22	9.01331e-16
17	23	9.07532e-16
17	24	8.84574e-16
17	25	9.13042e-16
17	26	9.02893e-16
17	27	9.24536e-16
17	28	9.00012e-16
17	29	9.06519e-16
17	30	9.47618e-16
17	31	9.41259e-16
17	32	9.10443e-16
17	33	9.04382e-16
17	34	9.26687e-16
17	35	9.32972e-16
17	36	9.2055e-16
17	37	9.61182e-16
17	38	9.04537e-16
17	39	9.39609e-16

18	0	8.13099e-16
18	1	8.73094e-16
18	2	8.82276e-16
18	3	8.85441e-16
18	4	8.84145e-16
18	5	8.90618e-16
18	6	9.13642e-16
18	7	9.15039e-16
18	8	9.27475e-16
18	9	9.18424e-16
18	10	9.42322e-16
18	11	9.51659e-16
18	12	9.37218e-16
18	13	9.01032e-16
18	14	9.26872e-16
18	15	8.85671e-16
18	16	9.34857e-16
18	17	9.22771e-16
18	18	9.00888e-16
18	19	8.87925e-16
18	20	8.87683e-16
18	21	8.92196e-16
18	22	9.3058e-16
18	23	9.11019e-16
18	24	8.93199e-16
18	25	9.15351e-16
18	26	9.10958e-16
18	27	9.33583e-16
18	28	9.23818e-16
18	29	9.11929e-16
18	30	9.49863e-16
18	31	9.4301e-16
18	32	9.15865e-16
18	33	9.15754e-16
18	34	9.30666e-16
18	35	9.33568e-16
18	36	9.23617e-16
18	37	9.6289e-16
18	38	9.40145e-16
18	39	9.45052e-16

19	0	8.18967e-16
19	1	9.2217e-16
19	2	8.85613e-16
19	3	9.00381e-16
19	4	8.84448e-16
19	5	8.94653e-16
19	6	9.18535e-16
19	7	9.1584e-16
19	8	9.37637e-16
19	9	9.29519e-16
19	10	9.54715e-16
19	11	9.60688e-16
19	12	9.63698e-16
19	13	9.0146e-16
19	14	9.49124e-16
19	15	8.91378e-16
19	16	9.47325e-16
19	17	9.31425e-16
19	18	9.04407e-16
19	19	8.9343e-16
19	20	9.00471e-16
19	21	9.00044e-16
19	22	9.34851e-16
19	23	9.16485e-16
19	24	8.95742e-16
19	25	9.2178e-16
19	26	9.38885e-16
19	27	9.40651e-16
19	28	9.2705e-16
19	29	9.23702e-16
19	30	9.56319e-16
19	31	9.46848e-16
19	32	9.24185e-16
19	33	9.17172e-16
19	34	9.40808e-16
19	35	9.34095e-16
19	36	9.25445e-16
19	37	9.64304e-16
19	38	9.61044e-16
19	39	9.52959e-16

20	0	8.37781e-16
20	1	9.61605e-16
20	2	8.87844e-16
20	3	9.03891e-16
20	4	9.01656e-16
20	5	9.00012e-16
20	6	9.27133e-16
20	7	9.22303e-16
20	8	9.39242e-16
20	9	9.31985e-16
20	10	9.85957e-16
20	11	9.69408e-16
20	12	9.71674e-16
20	13	9.09306e-16
20	14	9.50974e-16
20	15	9.15782e-16
20	16	9.76157e-16
20	17	9.38103e-16
20	18	9.06806e-16
20	19	8.96658e-16
20	20	9.18115e-16
20	21	9.04896e-16
20	22	9.36471e-16
20	23	9.21973e-16
20	24	9.05314e-16
20	25	9.34114e-16
20	26	9.42528e-16
20	27	9.45024e-16
20	28	9.95972e-16
20	29	9.57491e-16
20	30	9.94275e-16
20	31	9.47233e-16
20	32	9.28036e-16
20	33	9.23899e-16
20	34	9.41509e-16
20	35	9.3945e-16
20	36	9.45752e-16
20	37	9.78826e-16
20	38	9.63092e-16
20	39	9.53641e-16

21	0	8.45469e-16
21	1	9.93079e-16
21	2	9.21997e-16
21	3	9.07303e-16
21	4	9.08363e-16
21	5	9.17749e-16
21	6	9.38932e-16
21	7	9.38225e-16
21	8	9.49043e-16
21	9	9.56437e-16
21	10	9.88874e-16
21	11	9.71424e-16
21	12	9.7848e-16
21	13	9.1085e-16
21	14	1.00685e-15
21	15	9.41706e-16
21	16	9.81207e-16
21	17	9.55734e-16
21	18	9.59684e-16
21	19	9.0747e-16
21	20	9.21143e-16
21	21	9.45689e-16
21	22	9.63383e-16
21	23	9.25133e-16
21	24	9.35564e-16
21	25	9.4824e-16
21	26	9.61688e-16
21	27	9.66362e-16
21	28	1.03698e-15
21	29	9.71928e-16
21	30	9.95404e-16
21	31	9.54172e-16
21	32	9.56407e-16
21	33	9.27497e-16
21	34	9.51304e-16
21	35	9.5819e-16
21	36	9.48129e-16
21	37	9.81519e-16
21	38	9.95062e-16
21	39	9.63349e-16

22	0	8.50408e-16
22	1	9.99245e-16
22	2	9.9151e-16
22	3	9.88849e-16
22	4	9.7609e-16
22	5	9.68524e-16
22	6	9.75247e-16
22	7	9.96421e-16
22	8	1.00396e-15
22	9	9.98144e-16
22	10	1.01352e-15
22	11	1.03481e-15
22	12	9.94278e-16
22	13	9.14363e-16
22	14	1.02109e-15
22	15	9.93339e-16
22	16	1.0247e-15
22	17	9.84454e-16
22	18	1.02236e-15
22	19	9.10832e-16
22	20	9.51456e-16
22	21	9.65282e-16
22	22	9.84405e-16
22	23	1.02514e-15
22	24	9.68621e-16
22	25	9.56376e-16
22	26	1.01344e-15
22	27	9.67317e-16
22	28	1.11201e-15
22	29	9.81308e-16
22	30	1.02947e-15
22	31	9.55905e-16
22	32	9.63799e-16
22	33	9.68594e-16
22	34	9.53819e-16
22	35	1.07443e-15
22	36	1.01361e-15
22	37	9.9514e-16
22	38	1.037e-15
22	39	9.94301e-16

23	0	8.54662e-16
23	1	1.02777e-15
23	2	1.05884e-15
23	3	1.03539e-15
23	4	1.10009e-15
23	5	1.1033e-15
23	6	1.04716e-15
23	7	9.98808e-16
23	8	1.01989e-15
23	9	1.06785e-15
23	10	1.18461e-15
23	11	1.15555e-15
23	12	1.1048e-15
23	13	1.07596e-15
23	14	1.10391e-15
23	15	1.06146e-15
23	16	1.03948e-15
23	17	1.00502e-15
23	18	1.02415e-15
23	19	9.46213e-16
23	20	9.52429e-16
23	21	9.66491e-16
23	22	9.92116e-16
23	23	1.04313e-15
23	24	1.00494e-15
23	25	1.06201e-15
23	26	1.20202e-15
23	27	1.17272e-15
23	28	1.13785e-15
23	29	1.03305e-15
23	30	1.25066e-15
23	31	1.12462e-15
23	32	1.04279e-15
23	33	1.06476e-15
23	34	1.05803e-15
23	35	1.16379e-15
23	36	1.08724e-15
23	37	1.006e-15
23	38	1.05615e-15
23	39	1.04151e-15

24	0	9.26649e-16
24	1	1.02998e-15
24	2	1.11597e-15
24	3	1.15609e-15
24	4	1.18746e-15
24	5	1.25952e-15
24	6	1.2387e-15
24	7	1.45837e-15
24	8	1.54203e-15
24	9	1.48287e-15
24	10	1.34961e-15
24	11	1.2568e-15
24	12	1.50057e-15
24	13	1.44389e-15
24	14	1.11347e-15
24	15	1.06811e-15
24	16	1.05463e-15
24	17	1.03904e-15
24	18	1.02803e-15
24	19	1.00706e-15
24	20	9.62405e-16
24	21	9.74933e-16
24	22	1.06241e-15
24	23	1.04835e-15
24	24	1.01968e-15
24	25	1.07978e-15
24	26	1.22607e-15
24	27	1.27235e-15
24	28	1.26396e-15
24	29	1.30548e-15
24	30	1.26605e-15
24	31	1.4796e-15
24	32	1.61101e-15
24	33	1.6085e-15
24	34	1.53905e-15
24	35	1.26872e-15
24	36	1.13452e-15
24	37	1.23704e-15
24	38	1.13846e-15
24	39	1.1602e-15

25	0	9.36984e-16
25	1	1.06575e-15
25	2	1.94592e-15
25	3	1.84397e-15
25	4	2.32149e-15
25	5	3.43577e-15
25	6	2.1365e-15
25	7	1.98702e-15
25	8	2.54229e-15
25	9	1.82873e-15
25	10	1.63054e-15
25	11	1.5988e-15
25	12	1.50799e-15
25	13	1.5487e-15
25	14	1.14327e-15
25	15	1.41082e-15
25	16	1.12859e-15
25	17	1.10579e-15
25	18	1.07323e-15
25	19	1.04407e-15
25	20	9.79792e-16
25	21	1.12427e-15
25	22	1.08882e-15
25	23	1.11536e-15
25	24	1.21071e-15
25	25	1.12354e-15
25	26	1.46756e-15
25	27	1.53474e-15
25	28	1.51194e-15
25	29	1.55318e-15
25	30	1.55955e-15
25	31	1.84078e-15
25	32	2.48415e-15
25	33	2.83346e-15
25	34	4.41778e-15
25	35	2.74539e-15
25	36	2.49473e-15
25	37	2.86322e-15
25	38	1.35497e-15
25	39	1.16356e-15

26	0	9.49552e-16
26	1	1.09423e-15
26	2	3.93696e-15
26	3	7.10184e-15
26	4	7.26346e-15
26	5	7.18323e-15
26	6	5.36945e-15
26	7	3.83651e-15
26	8	3.04136e-15
26	9	3.04663e-15
26	10	3.41065e-15
26	11	3.79721e-15
26	12	4.68427e-15
26	13	3.05078e-15
26	14	2.27126e-15
26	15	2.33603e-15
26	16	1.72434e-15
26	17	2.09884e-15
26	18	1.53189e-15
26	19	1.08245e-15
26	20	9.90927e-16
26	21	1.12884e-15
26	22	1.6183e-15
26	23	1.12211e-15
26	24	2.34584e-15
26	25	2.0766e-15
26	26	1.81129e-15
26	27	3.00313e-15
26	28	2.41415e-15
26	29	3.19286e-15
26	30	3.87111e-15
26	31	6.18527e-15
26	32	5.73032e-15
26	33	3.82545e-15
26	34	5.51199e-15
26	35	6.79852e-15
26	36	7.15449e-15
26	37	5.97811e-15
26	38	3.77513e-15
26	39	1.29091e-15

27	0	9.6222e-16
27	1	1.02979e-14
27	2	1.22958e-14
27	3	9.95347e-15
27	4	1.02089e-14
27	5	8.8571e-15
27	6	1.64673e-14
27	7	7.21976e-15
27	8	9.1636e-15
27	9	9.11664e-15
27	10	1.04861e-14
27	11	1.14291e-14
27	12	1.00093e-14
27	13	8.84627e-15
27	14	6.23123e-15
27	15	1.23439e-14
27	16	1.25072e-14
27	17	9.99506e-15
27	18	5.84196e-15
27	19	2.88804e-15
27	20	1.00506e-15
27	21	2.98523e-15
27	22	5.76463e-15
27	23	1.3215e-14
27	24	1.32608e-14
27	25	8.81105e-15
27	26	1.12971e-14
27	27	1.39123e-14
27	28	1.11977e-14
27	29	8.85644e-15
27	30	7.46629e-15
27	31	9.94083e-15
27	32	8.95703e-15
27	33	1.02394e-14
27	34	1.736e-14
27	35	1.04813e-14
27	36	9.96292e-15
27	37	8.33805e-15
27	38	1.10119e-14
27	39	7.72762e-15

28	0	1.03276e-15
28	1	2.8207e-14
28	2	3.08438e-14
28	3	4.3455e-14
28	4	8.65335e-14
28	5	1.7988e-13
28	6	3.18414e-13
28	7	4.56714e-13
28	8	5.51277e-13
28	9	5.97119e-13
28	10	6.16534e-13
28	11	6.1137e-13
28	12	3.86416e-13
28	13	2.36086e-13
28	14	1.59368e-13
28	15	1.09065e-13
28	16	5.69457e-14
28	17	1.99303e-14
28	18	1.08088e-14
28	19	1.06326e-14
28	20	1.0059e-15
28	21	1.42228e-14
28	22	8.03017e-15
28	23	1.98403e-14
28	24	5.69569e-14
28	25	1.0905e-13
28	26	1.59345e-13
28	27	2.36126e-13
28	28	3.864e-13
28	29	6.11349e-13
28	30	6.16573e-13
28	31	5.97109e-13
28	32	5.51306e-13
28	33	4.56777e-13
28	34	3.18514e-13
28	35	1.79924e-13
28	36	8.64879e-14
28	37	4.34872e-14
28	38	3.09957e-14
28	39	2.82019e-14

29	0	1.03846e-15
29	1	1.82872e-12
29	2	2.95569e-12
29	3	3.71412e-12
29	4	4.42064e-12
29	5	4.79754e-12
29	6	4.56525e-12
29	7	3.80622e-12
29	8	2.82617e-12
29	9	1.90622e-12
29	10	1.1912e-12
29	11	7.53291e-13
29	12	8.06245e-13
29	13	9.98674e-13
29	14	1.21515e-12
29	15	1.40857e-12
29	16	1.67818e-12
29	17	1.99418e-12
29	18	1.47865e-12
29	19	3.96415e-13
29	20	1.04647e-15
29	21	3.96393e-13
29	22	1.47865e-12
29	23	1.99421e-12
29	24	1.67819e-12
29	25	1.40856e-12
29	26	1.2152e-12
29	27	9.98687e-13
29	28	8.06218e-13
29	29	7.5329e-13
29	30	1.19121e-12
29	31	1.90622e-12
29	32	2.82616e-12
29	33	3.80625e-12
29	34	4.56522e-12
29	35	4.79752e-12
29	36	4.42062e-12
29	37	3.71417e-12
29	38	2.95565e-12
29	39	1.82877e-12

30	0	1.37566e-15
30	1	6.13646e-11
30	2	7.18292e-11
30	3	8.65551e-11
30	4	1.04846e-10
30	5	1.29783e-10
30	6	1.71301e-10
30	7	2.4685e-10
30	8	3.74852e-10
30	9	5.65472e-10
30	10	7.80959e-10
30	11	6.31688e-10
30	12	3.9774e-10
30	13	2.24146e-10
30	14	1.17769e-10
30	15	6.18635e-11
30	16	3.5523e-11
30	17	2.18963e-11
30	18	1.19688e-11
30	19	3.03707e-12
30	20	1.09227e-15
30	21	3.03714e-12
30	22	1.19688e-11
30	23	2.18963e-11
30	24	3.5523e-11
30	25	6.18635e-11
30	26	1.17769e-10
30	27	2.24146e-10
30	28	3.9774e-10
30	29	6.31688e-10
30	30	7.80959e-10
30	31	5.65472e-10
30	32	3.74852e-10
30	33	2.4685e-10
30	34	1.71301e-10
30	35	1.29783e-10
30	36	1.04846e-10
30	37	8.65549e-11
30	38	7.18292e-11
30	39	6.13646e-11

31	0	2.59533e-15
31	1	1.92884e-09
31	2	2.9673e-09
31	3	3.18844e-09
31	4	2.98421e-09
31	5	2.63238e-09
31	6	2.26378e-09
31	7	1.91488e-09
31	8	1.5842e-09
31	9	1.26933e-09
31	10	1.01491e-09
31	11	1.22033e-09
31	12	1.59873e-09
31	13	1.89985e-09
31	14	1.92801e-09
31	15	1.63933e-09
31	16	1.17204e-09
31	17	7.22302e-10
31	18	4.90716e-10
31	19	4.70699e-10
31	20	1.23754e-15
31	21	4.70699e-10
31	22	4.90716e-10
31	23	7.22302e-10
31	24	1.17204e-09
31	25	1.63933e-09
31	26	1.92801e-09
31	27	1.89985e-09
31	28	1.59873e-09
31	29	1.22033e-09
31	30	1.01491e-09
31	31	1.26933e-09
31	32	1.5842e-09
31	33	1.91488e-09
31	34	2.26378e-09
31	35	2.63238e-09
31	36	2.98421e-09
31	37	3.18844e-09
31	38	2.9673e-09
31	39	1.92884e-09

32	0	8.47352e-15
32	1	8.50586e-08
32	2	1.04239e-07
32	3	1.32841e-07
32	4	1.68996e-07
32	5	2.11523e-07
32	6	2.59297e-07
32	7	3.11034e-07
32	8	3.65347e-07
32	9	4.20361e-07
32	10	4.62793e-07
32	11	3.64306e-07
32	12	2.52227e-07
32	13	1.73009e-07
32	14	1.16022e-07
32	15	7.19802e-08
32	16	3.91736e-08
32	17	1.83458e-08
32	18	7.47591e-09
32	19	3.17509e-09
32	20	3.05619e-15
32	21	3.17509e-09
32	22	7.47591e-09
32	23	1.83458e-08
32	24	3.91736e-08
32	25	7.19802e-08
32	26	1.16022e-07
32	27	1.73009e-07
32	28	2.52227e-07
32	29	3.64306e-07
32	30	4.62793e-07
32	31	4.20361e-07
32	32	3.65347e-07
32	33	3.11034e-07
32	34	2.59297e-07
32	35	2.11523e-07
32	36	1.68996e-07
32	37	1.32841e-07
32	38	1.04239e-07
32	39	8.50586e-08

33	0	6.4856e-14
33	1	1.69275e-06
33	2	2.63829e-06
33	3	2.86519e-06
33	4	2.67218e-06
33	5	2.28703e-06
33	6	1.84582e-06
33	7	1.42416e-06
33	8	1.05994e-06
33	9	7.67935e-07
33	10	5.60025e-07
33	11	5.56727e-07
33	12	6.24609e-07
33	13	7.19113e-07
33	14	8.64663e-07
33	15	1.09776e-06
33	16	1.43592e-06
33	17	1.80683e-06
33	18	1.94803e-06
33	19	1.36905e-06
33	20	1.53633e-14
33	21	1.36905e-06
33	22	1.94803e-06
33	23	1.80683e-06
33	24	1.43592e-06
33	25	1.09776e-06
33	26	8.64663e-07
33	27	7.19113e-07
33	28	6.24609e-07
33	29	5.56727e-07
33	30	5.60025e-07
33	31	7.67935e-07
33	32	1.05994e-06
33	33	1.42416e-06
33	34	1.84582e-06
33	35	2.28703e-06
33	36	2.67218e-06
33	37	2.86519e-06
33	38	2.63829e-06
33	39	1.69275e-06

34	0	8.62954e-11
34	1	7.2741e-05
34	2	9.01877e-05
34	3	0.000117485
34	4	0.000154364
34	5	0.000201381
34	6	0.000258769
34	7	0.000318735
34	8	0.000293754
34	9	0.000232781
34	10	0.00017696
34	11	0.000130032
34	12	9.26548e-05
34	13	6.42212e-05
34	14	4.34699e-05
34	15	2.88939e-05
34	16	1.90131e-05
34	17	1.25393e-05
34	18	8.51327e-06
34	19	6.45062e-06
34	20	6.75113e-13
34	21	6.45062e-06
34	22	8.51327e-06
34	23	1.25393e-05
34	24	1.90131e-05
34	25	2.88939e-05
34	26	4.34699e-05
34	27	6.42212e-05
34	28	9.26548e-05
34	29	0.000130032
34	30	0.00017696
34	31	0.000232781
34	32	0.000293754
34	33	0.000318735
34	34	0.000258769
34	35	0.000201381
34	36	0.000154364
34	37	0.000117485
34	38	9.01877e-05
34	39	7.2741e-05

35	0	7.88888e-08
35	1	0.0002512
35	2	0.000426231
35	3	0.000509561
35	4	0.000523218
35	5	0.000493163
35	6	0.000439641
35	7	0.000384596
35	8	0.000424655
35	9	0.000515759
35	10	0.0006179
35	11	0.000724995
35	12	0.000830796
35	13	0.000927146
35	14	0.00100309
35	15	0.00104366
35	16	0.00102843
35	17	0.000931227
35	18	0.000725571
35	19	0.000403131
35	20	2.6519e-09
35	21	0.000403131
35	22	0.000725571
35	23	0.000931227
35	24	0.00102843
35	25	0.00104366
35	26	0.00100309
35	27	0.000927146
35	28	0.000830796
35	29	0.000724995
35	30	0.0006179
35	31	0.000515759
35	32	0.000424655
35	33	0.000384596
35	34	0.000439641
35	35	0.000493163
35	36	0.000523218
35	37	0.000509561
35	38	0.000426231
35	39	0.0002512

36	0	6.68314e-05
36	1	0.00990498
36	2	0.0183264
36	3	0.0244919
36	4	0.028382
36	5	0.0303645
36	6	0.0308852
36	7	0.0303253
36	8	0.0289798
36	9	0.0270776
36	10	0.0248066
36	11	0.0223291
36	12	0.019786
36	13	0.0172956
36	14	0.0149519
36	15	0.0128258
36	16	0.0109727
36	17	0.00944114
36	18	0.0082772
36	19	0.00747173
36	20	6.81999e-06
36	21	0.00747173
36	22	0.0082772
36	23	0.00944114
36	24	0.0109727
36	25	0.0128258
36	26	0.0149519
36	27	0.0172956
36	28	0.019786
36	29	0.0223291
36	30	0.0248066
36	31	0.0270776
36	32	0.0289798
36	33	0.0303253
36	34	0.0308852
36	35	0.0303645
36	36	0.028382
36	37	0.0244919
36	38	0.0183264
36	39	0.00990498

37	0	0.0178361
37	1	0.0188463
37	2	0.0217482
37	3	0.0262925
37	4	0.0322933
37	5	0.0396418
37	6	0.0482273
37	7	0.0578721
37	8	0.0682835
37	9	0.0790373
37	10	0.0895868
37	11	0.0992833
37	12	0.107392
37	13	0.113087
37	14	0.115412
37	15	0.113236
37	16	0.105242
37	17	0.0900762
37	18	0.0668663
37	19	0.0362801
37	20	0.00984612
37	21	0.0362801
37	22	0.0668663
37	23	0.0900762
37	24	0.105242
37	25	0.113236
37	26	0.115412
37	27	0.113087
37	28	0.107392
37	29	0.0992833
37	30	0.0895868
37	31	0.0790373
37	32	0.0682835
37	33	0.0578721
37	34	0.0482273
37	35	0.0396418
37	36	0.0322933
37	37	0.0262925
37	38	0.0217482
37	39	0.0188463

38	0	1.92335
38	1	1.9701
38	2	2.1058
38	3	2.31887
38	4	2.59483
38	5	2.91876
38	6	3.27558
38	7	3.64917
38	8	4.0196
38	9	4.32096
38	10	4.1397
38	11	3.77951
38	12	3.40625
38	13	3.04168
38	14	2.6991
38	15	2.38873
38	16	2.11891
38	17	1.8972
38	18	1.73104
38	19	1.62759
38	20	1.5924
38	21	1.62759
38	22	1.73104
38	23	1.8972
38	24	2.11891
38	25	2.38873
38	26	2.6991
38	27	3.04168
38	28	3.40625
38	29	3.77951
38	30	4.1397
38	31	4.32096
38	32	4.0196
38	33	3.64917
38	34	3.27558
38	35	2.91876
38	36	2.59483
38	37	2.31887
38	38	2.1058
38	39	1.9701

39	0	6.02498
39	1	6.00985
39	2	5.96362
39	3	5.88401
39	4	5.76758
39	5	5.61056
39	6	5.40992
39	7	5.1652
39	8	4.88235
39	9	4.61761
39	10	4.78061
39	11	5.07
39	12	5.32781
39	13	5.54392
39	14	5.7185
39	15	5.855
39	16	5.95811
39	17	6.03261
39	18	6.08268
39	19	6.11143
39	20	6.1208
39	21	6.11143
39	22	6.08268
39	23	6.03261
39	24	5.95811
39	25	5.855
39	26	5.7185
39	27	5.54392
39	28	5.32781
39	29	5.07
39	30	4.78061
39	31	4.61761
39	32	4.88235
39	33	5.1652
39	34	5.40992
39	35	5.61056
39	36	5.76758
39	37	5.88401
39	38	5.96362
39	39	6.00985

