#1:n	2:kx	3:s(n,kx)
0	0	6.82597e-16
0	1	7.77203e-16
0	2	7.90616e-16
0	3	7.84959e-16
0	4	7.6411e-16
0	5	8.03067e-16
0	6	8.19796e-16
0	7	8.08488e-16
0	8	7.96264e-16
0	9	7.75053e-16
0	10	7.90333e-16
0	11	7.91684e-16
0	12	7.85749e-16
0	13	7.77888e-16
0	14	7.78252e-16
0	15	7.87571e-16
0	16	7.93085e-16
0	17	7.71981e-16
0	18	7.33203e-16
0	19	7.91806e-16
0	20	7.04057e-16
0	21	7.62506e-16
0	22	7.66061e-16
0	23	8.02279e-16
0	24	7.86658e-16
0	25	7.8904e-16
0	26	8.11732e-16
0	27	7.91723e-16
0	28	7.77693e-16
0	29	7.9183e-16
0	30	8.47909e-16
0	31	7.47406e-16
0	32	8.26967e-16
0	33	7.94245e-16
0	34	7.81572e-16
0	35	7.90313e-16
0	36	8.13341e-16
0	37	8.05533e-16
0	38	8.21107e-16
0	39	8.13803e-16

1	0	7.96717e-16
1	1	8.16907e-16
1	2	8.22258e-16
1	3	8.19102e-16
1	4	8.48029e-16
1	5	8.41425e-16
1	6	8.4713e-16
1	7	8.35901e-16
1	8	8.41201e-16
1	9	8.64104e-16
1	10	8.33326e-16
1	11	8.48585e-16
1	12	8.40059e-16
1	13	8.31782e-16
1	14	8.44852e-16
1	15	8.19767e-16
1	16	8.07593e-16
1	17	7.95033e-16
1	18	7.80844e-16
1	19	8.1116e-16
1	20	7.7754e-16
1	21	8.06944e-16
1	22	8.19229e-16
1	23	8.18335e-16
1	24	8.07395e-16
1	25	8.26138e-16
1	26	8.14176e-16
1	27	8.51963e-16
1	28	8.40412e-16
1	29	8.42371e-16
1	30	8.4921e-16
1	31	8.23422e-16
1	32	8.4543e-16
1	33	8.37026e-16
1	34	8.59707e-16
1	35	8.55713e-16
1	36	8.26331e-16
1	37	8.4067e-16
1	38	8.29783e-16
1	39	8.33275e-16

2	0	7.96979e-16
2	1	8.37509e-16
2	2	8.28374e-16
2	3	8.32891e-16
2	4	8.52295e-16
2	5	8.47283e-16
2	6	8.58668e-16
2	7	8.39343e-16
2	8	8.57778e-16
2	9	8.72835e-16
2	10	8.47713e-16
2	11	8.53416e-16
2	12	8.5133e-16
2	13	8.50493e-16
2	14	8.46635e-16
2	15	8.29051e-16
2	16	8.27135e-16
2	17	8.07894e-16
2	18	8.14686e-16
2	19	8.11544e-16
2	20	7.89319e-16
2	21	8.1196e-16
2	22	8.31966e-16
2	23	8.25647e-16
2	24	8.25445e-16
2	25	8.33248e-16
2	26	8.15819e-16
2	27	8.62088e-16
2	28	8.50393e-16
2	29	8.55686e-16
2	30	8.56721e-16
2	31	8.79127e-16
2	32	8.56005e-16
2	33	8.52753e-16
2	34	8.61033e-16
2	35	8.58859e-16
2	36	8.49367e-16
2	37	8.41941e-16
2	38	8.30817e-16
2	39	8.36983e-16

3	0	8.1226e-16
3	1	8.38769e-16
3	2	8.3906e-16
3	3	8.47116e-16
3	4	8.5636e-16
3	5	8.47457e-16
3	6	8.62792e-16
3	7	8.48298e-16
3	8	8.61186e-16
3	9	8.73078e-16
3	10	8.48255e-16
3	11	8.56707e-16
3	12	8.5911e-16
3	13	8.52215e-16
3	14	8.46748e-16
3	15	8.3326e-16
3	16	8.29579e-16
3	17	8.11741e-16
3	18	8.16682e-16
3	19	8.12963e-16
3	20	7.95149e-16
3	21	8.13587e-16
3	22	8.33601e-16
3	23	8.30867e-16
3	24	8.26116e-16
3	25	8.34592e-16
3	26	8.23982e-16
3	27	8.63278e-16
3	28	8.56885e-16
3	29	8.61421e-16
3	30	8.62197e-16
3	31	8.80322e-16
3	32	8.57556e-16
3	33	8.62531e-16
3	34	8.6456e-16
3	35	8.59696e-16
3	36	8.57089e-16
3	37	8.48929e-16
3	38	8.47838e-16
3	39	8.37169e-16

4	0	8.12771e-16
4	1	8.41949e-16
4	2	8.49409e-16
4	3	8.47332e-16
4	4	8.64517e-16
4	5	8.48308e-16
4	6	8.64629e-16
4	7	8.56294e-16
4	8	8.69499e-16
4	9	8.73578e-16
4	10	8.60825e-16
4	11	8.60934e-16
4	12	8.67499e-16
4	13	8.5833e-16
4	14	8.47612e-16
4	15	8.41248e-16
4	16	8.32316e-16
4	17	8.20993e-16
4	18	8.17561e-16
4	19	8.13744e-16
4	20	7.98836e-16
4	21	8.27654e-16
4	22	8.38008e-16
4	23	8.3486e-16
4	24	8.2958e-16
4	25	8.35667e-16
4	26	8.40149e-16
4	27	8.64177e-16
4	28	8.57426e-16
4	29	8.67047e-16
4	30	8.69941e-16
4	31	8.90998e-16
4	32	8.60695e-16
4	33	8.65801e-16
4	34	8.68128e-16
4	35	8.6083e-16
4	36	8.741e-16
4	37	8.51442e-16
4	38	8.56427e-16
4	39	8.50683e-16

5	0	8.14552e-16
5	1	8.46344e-16
5	2	8.51272e-16
5	3	8.50393e-16
5	4	8.65891e-16
5	5	8.51847e-16
5	6	8.66473e-16
5	7	8.57299e-16
5	8	8.70565e-16
5	9	8.79514e-16
5	10	8.629e-16
5	11	8.61627e-16
5	12	8.76877e-16
5	13	8.59038e-16
5	14	8.60059e-16
5	15	8.42315e-16
5	16	8.37186e-16
5	17	8.23613e-16
5	18	8.22741e-16
5	19	8.17955e-16
5	20	8.00482e-16
5	21	8.37685e-16
5	22	8.39807e-16
5	23	8.37804e-16
5	24	8.29721e-16
5	25	8.38869e-16
5	26	8.44713e-16
5	27	8.67311e-16
5	28	8.71935e-16
5	29	8.74836e-16
5	30	8.71815e-16
5	31	8.92954e-16
5	32	8.63501e-16
5	33	8.81255e-16
5	34	8.79538e-16
5	35	8.69067e-16
5	36	8.75686e-16
5	37	8.59421e-16
5	38	8.61003e-16
5	39	8.57607e-16

6	0	8.17702e-16
6	1	8.50604e-16
6	2	8.53059e-16
6	3	8.52754e-16
6	4	8.6774e-16
6	5	8.5217e-16
6	6	8.66797e-16
6	7	8.63506e-16
6	8	8.72919e-16
6	9	8.82118e-16
6	10	8.65453e-16
6	11	8.6838e-16
6	12	8.79052e-16
6	13	8.60668e-16
6	14	8.65885e-16
6	15	8.42634e-16
6	16	8.37406e-16
6	17	8.23854e-16
6	18	8.23507e-16
6	19	8.25618e-16
6	20	8.1291e-16
6	21	8.39062e-16
6	22	8.44616e-16
6	23	8.43187e-16
6	24	8.3463e-16
6	25	8.53993e-16
6	26	8.47672e-16
6	27	8.71807e-16
6	28	8.79374e-16
6	29	8.78543e-16
6	30	8.77454e-16
6	31	8.96886e-16
6	32	8.69805e-16
6	33	8.84426e-16
6	34	8.80471e-16
6	35	8.70234e-16
6	36	8.79011e-16
6	37	8.68687e-16
6	38	8.66459e-16
6	39	8.59203e-16

7	0	8.21329e-16
7	1	8.57312e-16
7	2	8.53713e-16
7	3	8.55024e-16
7	4	8.76426e-16
7	5	8.61647e-16
7	6	8.73856e-16
7	7	8.70856e-16
7	8	8.74293e-16
7	9	8.89214e-16
7	10	8.69855e-16
7	11	8.73371e-16
7	12	8.81687e-16
7	13	8.61364e-16
7	14	8.697e-16
7	15	8.46699e-16
7	16	8.38184e-16
7	17	8.24021e-16
7	18	8.3149e-16
7	19	8.27742e-16
7	20	8.14196e-16
7	21	8.41012e-16
7	22	8.49368e-16
7	23	8.44597e-16
7	24	8.71449e-16
7	25	8.61375e-16
7	26	8.47912e-16
7	27	8.80081e-16
7	28	8.83191e-16
7	29	8.79889e-16
7	30	8.82426e-16
7	31	8.98304e-16
7	32	8.7415e-16
7	33	8.8478e-16
7	34	8.92164e-16
7	35	8.72669e-16
7	36	8.87791e-16
7	37	8.71047e-16
7	38	8.81157e-16
7	39	8.60591e-16

8	0	8.25211e-16
8	1	8.64327e-16
8	2	8.55526e-16
8	3	8.6189e-16
8	4	8.77689e-16
8	5	8.70471e-16
8	6	8.7662e-16
8	7	8.77079e-16
8	8	8.8187e-16
8	9	8.9258e-16
8	10	8.71003e-16
8	11	8.76948e-16
8	12	8.939e-16
8	13	8.77446e-16
8	14	8.81018e-16
8	15	8.47475e-16
8	16	8.38657e-16
8	17	8.24119e-16
8	18	8.33619e-16
8	19	8.27875e-16
8	20	8.17195e-16
8	21	8.44372e-16
8	22	8.49889e-16
8	23	8.45491e-16
8	24	8.76071e-16
8	25	8.69717e-16
8	26	8.54453e-16
8	27	8.83213e-16
8	28	8.84602e-16
8	29	8.93609e-16
8	30	9.12111e-16
8	31	8.99862e-16
8	32	8.75032e-16
8	33	8.90984e-16
8	34	8.94922e-16
8	35	8.76524e-16
8	36	8.89107e-16
8	37	8.72478e-16
8	38	8.81169e-16
8	39	8.67782e-16

9	0	8.35544e-16
9	1	8.6493e-16
9	2	8.57102e-16
9	3	8.66081e-16
9	4	8.82841e-16
9	5	8.73627e-16
9	6	8.79394e-16
9	7	8.81179e-16
9	8	8.90355e-16
9	9	8.95215e-16
9	10	8.71006e-16
9	11	8.87692e-16
9	12	8.99955e-16
9	13	8.83012e-16
9	14	9.00011e-16
9	15	8.47948e-16
9	16	8.44789e-16
9	17	8.49336e-16
9	18	8.52016e-16
9	19	8.44379e-16
9	20	8.31558e-16
9	21	8.50378e-16
9	22	8.50609e-16
9	23	8.49131e-16
9	24	8.8068e-16
9	25	8.81809e-16
9	26	8.6816e-16
9	27	8.89501e-16
9	28	8.96438e-16
9	29	9.02574e-16
9	30	9.15892e-16
9	31	9.00997e-16
9	32	8.792e-16
9	33	8.92433e-16
9	34	8.96214e-16
9	35	8.94769e-16
9	36	8.89932e-16
9	37	8.73945e-16
9	38	8.96569e-16
9	39	8.72323e-16

10	0	8.45649e-16
10	1	8.78321e-16
10	2	8.68165e-16
10	3	8.67876e-16
10	4	8.83551e-16
10	5	8.74463e-16
10	6	8.8401e-16
10	7	8.9684e-16
10	8	8.93334e-16
10	9	9.06375e-16
10	10	8.9481e-16
10	11	9.04323e-16
10	12	9.15375e-16
10	13	8.88343e-16
10	14	9.01581e-16
10	15	8.51259e-16
10	16	8.53038e-16
10	17	8.51166e-16
10	18	8.66163e-16
10	19	8.52874e-16
10	20	8.47066e-16
10	21	8.52927e-16
10	22	8.54816e-16
10	23	8.54496e-16
10	24	8.88149e-16
10	25	9.04125e-16
10	26	8.87327e-16
10	27	8.9938e-16
10	28	9.17636e-16
10	29	9.04155e-16
10	30	9.21858e-16
10	31	9.03028e-16
10	32	8.83291e-16
10	33	8.98919e-16
10	34	9.05517e-16
10	35	9.00263e-16
10	36	8.96453e-16
10	37	8.78145e-16
10	38	8.99901e-16
10	39	8.82348e-16

11	0	8.46419e-16
11	1	8.80009e-16
11	2	8.7107e-16
11	3	8.69404e-16
11	4	9.01546e-16
11	5	8.88625e-16
11	6	9.03364e-16
11	7	9.01366e-16
11	8	9.12179e-16
11	9	9.07047e-16
11	10	9.05702e-16
11	11	9.05407e-16
11	12	9.18101e-16
11	13	8.95127e-16
11	14	9.15717e-16
11	15	8.54565e-16
11	16	8.5961e-16
11	17	8.60852e-16
11	18	8.68342e-16
11	19	8.69873e-16
11	20	8.51054e-16
11	21	8.56061e-16
11	22	8.58698e-16
11	23	8.79457e-16
11	24	8.91807e-16
11	25	9.05109e-16
11	26	9.02533e-16
11	27	9.13638e-16
11	28	9.25967e-16
11	29	9.1226e-16
11	30	9.3053e-16
11	31	9.03497e-16
11	32	8.90426e-16
11	33	9.01245e-16
11	34	9.1302e-16
11	35	9.05206e-16
11	36	9.00603e-16
11	37	8.84103e-16
11	38	9.0084e-16
11	39	9.05383e-16

12	0	8.50895e-16
12	1	8.91597e-16
12	2	8.77831e-16
12	3	8.76423e-16
12	4	9.06033e-16
12	5	8.93809e-16
12	6	9.08037e-16
12	7	9.02381e-16
12	8	9.20487e-16
12	9	9.08537e-16
12	10	9.18199e-16
12	11	9.13087e-16
12	12	9.2119e-16
12	13	9.01084e-16
12	14	9.16014e-16
12	15	8.60901e-16
12	16	8.81466e-16
12	17	8.68741e-16
12	18	8.68555e-16
12	19	8.72544e-16
12	20	8.58511e-16
12	21	8.67996e-16
12	22	8.63375e-16
12	23	8.8747e-16
12	24	9.01259e-16
12	25	9.07524e-16
12	26	9.03431e-16
12	27	9.2552e-16
12	28	9.32172e-16
12	29	9.28746e-16
12	30	9.39549e-16
12	31	9.23933e-16
12	32	8.93797e-16
12	33	9.04321e-16
12	34	9.17596e-16
12	35	9.17397e-16
12	36	9.04574e-16
12	37	9.07552e-16
12	38	9.14142e-16
12	39	9.28458e-16

13	0	8.70429e-16
13	1	8.95067e-16
13	2	8.93866e-16
13	3	8.81713e-16
13	4	9.08773e-16
13	5	8.95529e-16
13	6	9.11484e-16
13	7	9.09961e-16
13	8	9.32605e-16
13	9	9.15112e-16
13	10	9.19961e-16
13	11	9.22744e-16
13	12	9.23368e-16
13	13	9.10887e-16
13	14	9.17737e-16
13	15	9.27938e-16
13	16	8.98782e-16
13	17	8.71737e-16
13	18	8.73753e-16
13	19	8.90964e-16
13	20	8.59099e-16
13	21	8.74195e-16
13	22	9.03636e-16
13	23	8.88076e-16
13	24	9.05988e-16
13	25	9.26845e-16
13	26	9.09212e-16
13	27	9.48201e-16
13	28	9.35448e-16
13	29	9.31897e-16
13	30	9.67041e-16
13	31	9.4522e-16
13	32	9.08562e-16
13	33	9.04543e-16
13	34	9.20003e-16
13	35	9.31621e-16
13	36	9.09937e-16
13	37	9.09349e-16
13	38	9.23819e-16
13	39	9.53396e-16

14	0	8.70939e-16
14	1	9.009e-16
14	2	9.15292e-16
14	3	8.98788e-16
14	4	9.10567e-16
14	5	9.08059e-16
14	6	9.13086e-16
14	7	9.1869e-16
14	8	9.33893e-16
14	9	9.15467e-16
14	10	9.23944e-16
14	11	9.36892e-16
14	12	9.31355e-16
14	13	9.4185e-16
14	14	9.3892e-16
14	15	9.28869e-16
14	16	9.0366e-16
14	17	8.72508e-16
14	18	9.1761e-16
14	19	8.93865e-16
14	20	8.59548e-16
14	21	8.93682e-16
14	22	9.3399e-16
14	23	8.92549e-16
14	24	9.1519e-16
14	25	9.40206e-16
14	26	9.33479e-16
14	27	9.52773e-16
14	28	9.38897e-16
14	29	9.34979e-16
14	30	1.00112e-15
14	31	9.51603e-16
14	32	9.08634e-16
14	33	9.22662e-16
14	34	9.35321e-16
14	35	9.32291e-16
14	36	9.13909e-16
14	37	9.17486e-16
14	38	9.36419e-16
14	39	9.64724e-16

15	0	8.77468e-16
15	1	9.02494e-16
15	2	9.2785e-16
15	3	9.02155e-16
15	4	9.18175e-16
15	5	9.14439e-16
15	6	9.26725e-16
15	7	9.19322e-16
15	8	9.64952e-16
15	9	9.24336e-16
15	10	9.47036e-16
15	11	9.45562e-16
15	12	9.34478e-16
15	13	9.55749e-16
15	14	9.44819e-16
15	15	9.30771e-16
15	16	9.04709e-16
15	17	8.90845e-16
15	18	9.27057e-16
15	19	9.05065e-16
15	20	8.69713e-16
15	21	8.95051e-16
15	22	9.53489e-16
15	23	9.36568e-16
15	24	9.18743e-16
15	25	9.63128e-16
15	26	9.35706e-16
15	27	9.64053e-16
15	28	9.5199e-16
15	29	9.35899e-16
15	30	1.00504e-15
15	31	9.51618e-16
15	32	9.22706e-16
15	33	9.29285e-16
15	34	9.41088e-16
15	35	9.33402e-16
15	36	9.28629e-16
15	37	9.2717e-16
15	38	9.39758e-16
15	39	9.87896e-16

16	0	8.83076e-16
16	1	9.23145e-16
16	2	9.36793e-16
16	3	9.28872e-16
16	4	9.18225e-16
16	5	9.17468e-16
16	6	9.38119e-16
16	7	9.35881e-16
16	8	9.68241e-16
16	9	9.28471e-16
16	10	9.62468e-16
16	11	9.4721e-16
16	12	9.44636e-16
16	13	9.60734e-16
16	14	9.51927e-16
16	15	9.58695e-16
16	16	9.11919e-16
16	17	9.48062e-16
16	18	9.74415e-16
16	19	9.31884e-16
16	20	8.97084e-16
16	21	8.97211e-16
16	22	1.01306e-15
16	23	9.44183e-16
16	24	9.45068e-16
16	25	9.67867e-16
16	26	9.35722e-16
16	27	9.849e-16
16	28	9.73042e-16
16	29	1.012e-15
16	30	1.0062e-15
16	31	9.55622e-16
16	32	9.35031e-16
16	33	9.40285e-16
16	34	9.41284e-16
16	35	9.71001e-16
16	36	9.30617e-16
16	37	9.54928e-16
16	38	9.49503e-16
16	39	9.97162e-16

17	0	8.83164e-16
17	1	9.62342e-16
17	2	9.5088e-16
17	3	9.29196e-16
17	4	9.22328e-16
17	5	9.89998e-16
17	6	9.55556e-16
17	7	9.46219e-16
17	8	9.69361e-16
17	9	9.60463e-16
17	10	9.86758e-16
17	11	9.99987e-16
17	12	9.74233e-16
17	13	9.67729e-16
17	14	9.94845e-16
17	15	1.00433e-15
17	16	9.30181e-16
17	17	9.98832e-16
17	18	9.87348e-16
17	19	9.42633e-16
17	20	9.08336e-16
17	21	9.04894e-16
17	22	1.01432e-15
17	23	9.8609e-16
17	24	9.51416e-16
17	25	1.00043e-15
17	26	9.71107e-16
17	27	9.92046e-16
17	28	9.93671e-16
17	29	1.01322e-15
17	30	1.01167e-15
17	31	9.72789e-16
17	32	9.57542e-16
17	33	9.47868e-16
17	34	9.44818e-16
17	35	9.74622e-16
17	36	9.86732e-16
17	37	9.86386e-16
17	38	9.56884e-16
17	39	1.01235e-15

18	0	8.86847e-16
18	1	9.87032e-16
18	2	9.92362e-16
18	3	9.40768e-16
18	4	9.69995e-16
18	5	1.03602e-15
18	6	9.85146e-16
18	7	9.78612e-16
18	8	9.77435e-16
18	9	9.66734e-16
18	10	1.00349e-15
18	11	1.03715e-15
18	12	1.00293e-15
18	13	1.0104e-15
18	14	1.02091e-15
18	15	1.01063e-15
18	16	1.00481e-15
18	17	1.01873e-15
18	18	9.95192e-16
18	19	9.55134e-16
18	20	9.11215e-16
18	21	9.1558e-16
18	22	1.04213e-15
18	23	9.99406e-16
18	24	9.64164e-16
18	25	1.00059e-15
18	26	1.01045e-15
18	27	1.00037e-15
18	28	1.02832e-15
18	29	1.01427e-15
18	30	1.06845e-15
18	31	9.74597e-16
18	32	9.75246e-16
18	33	9.7462e-16
18	34	9.95768e-16
18	35	1.02483e-15
18	36	1.05292e-15
18	37	1.01822e-15
18	38	9.8155e-16
18	39	1.04762e-15

19	0	8.91184e-16
19	1	9.87156e-16
19	2	1.11279e-15
19	3	9.72523e-16
19	4	9.709e-16
19	5	1.05087e-15
19	6	9.88664e-16
19	7	1.00718e-15
19	8	1.0031e-15
19	9	9.99183e-16
19	10	1.03046e-15
19	11	1.06445e-15
19	12	1.03088e-15
19	13	1.05997e-15
19	14	1.02892e-15
19	15	1.02954e-15
19	16	1.01278e-15
19	17	1.03341e-15
19	18	1.00076e-15
19	19	9.61957e-16
19	20	9.35976e-16
19	21	9.55691e-16
19	22	1.07006e-15
19	23	1.01837e-15
19	24	9.84001e-16
19	25	1.0103e-15
19	26	1.0279e-15
19	27	1.02821e-15
19	28	1.04743e-15
19	29	1.02827e-15
19	30	1.09812e-15
19	31	1.00561e-15
19	32	1.03143e-15
19	33	9.75875e-16
19	34	1.04825e-15
19	35	1.0564e-15
19	36	1.06289e-15
19	37	1.02178e-15
19	38	1.09859e-15
19	39	1.05487e-15

20	0	8.94998e-16
20	1	1.05427e-15
20	2	1.17286e-15
20	3	1.13953e-15
20	4	1.13891e-15
20	5	1.08501e-15
20	6	1.04298e-15
20	7	1.08898e-15
20	8	1.14024e-15
20	9	1.036e-15
20	10	1.08297e-15
20	11	1.06528e-15
20	12	1.05374e-15
20	13	1.15824e-15
20	14	1.06516e-15
20	15	1.03257e-15
20	16	1.07622e-15
20	17	1.03632e-15
20	18	1.03363e-15
20	19	9.83167e-16
20	20	9.37645e-16
20	21	9.82982e-16
20	22	1.07285e-15
20	23	1.02061e-15
20	24	1.05557e-15
20	25	1.04572e-15
20	26	1.07538e-15
20	27	1.07364e-15
20	28	1.08057e-15
20	29	1.09627e-15
20	30	1.11489e-15
20	31	1.13862e-15
20	32	1.108e-15
20	33	1.11381e-15
20	34	1.05156e-15
20	35	1.08461e-15
20	36	1.08006e-15
20	37	1.06945e-15
20	38	1.10382e-15
20	39	1.07624e-15

21	0	8.99248e-16
21	1	1.09121e-15
21	2	1.1785e-15
21	3	1.27048e-15
21	4	1.15038e-15
21	5	1.17777e-15
21	6	1.15895e-15
21	7	1.32107e-15
21	8	1.18255e-15
21	9	1.24225e-15
21	10	1.14813e-15
21	11	1.16128e-15
21	12	1.22208e-15
21	13	1.18265e-15
21	14	1.10674e-15
21	15	1.11985e-15
21	16	1.07737e-15
21	17	1.08167e-15
21	18	1.0465e-15
21	19	1.02375e-15
21	20	9.51911e-16
21	21	9.88973e-16
21	22	1.0752e-15
21	23	1.02502e-15
21	24	1.10287e-15
21	25	1.08266e-15
21	26	1.07901e-15
21	27	1.07556e-15
21	28	1.23819e-15
21	29	1.25927e-15
21	30	1.15152e-15
21	31	1.31014e-15
21	32	1.25073e-15
21	33	1.39273e-15
21	34	1.19654e-15
21	35	1.13051e-15
21	36	1.10798e-15
21	37	1.26979e-15
21	38	1.13766e-15
21	39	1.07759e-15

22	0	1.01442e-15
22	1	1.30408e-15
22	2	1.40909e-15
22	3	1.52175e-15
22	4	1.51348e-15
22	5	1.37521e-15
22	6	1.45197e-15
22	7	1.44847e-15
22	8	1.43045e-15
22	9	1.54717e-15
22	10	1.24255e-15
22	11	1.42715e-15
22	12	1.47398e-15
22	13	1.22577e-15
22	14	1.15353e-15
22	15	1.12581e-15
22	16	1.12848e-15
22	17	1.09219e-15
22	18	1.17409e-15
22	19	1.07666e-15
22	20	9.67408e-16
22	21	1.10218e-15
22	22	1.1177e-15
22	23	1.09912e-15
22	24	1.1396e-15
22	25	1.13211e-15
22	26	1.10713e-15
22	27	1.35252e-15
22	28	1.25207e-15
22	29	1.40476e-15
22	30	1.22804e-15
22	31	1.60352e-15
22	32	1.55093e-15
22	33	1.52079e-15
22	34	1.44246e-15
22	35	1.52971e-15
22	36	1.23814e-15
22	37	1.35637e-15
22	38	1.23124e-15
22	39	1.15271e-15

23	0	1.01882e-15
23	1	1.60428e-15
23	2	1.68873e-15
23	3	2.05623e-15
23	4	1.9351e-15
23	5	1.93907e-15
23	6	2.02208e-15
23	7	1.70138e-15
23	8	1.93046e-15
23	9	1.7658e-15
23	10	1.58986e-15
23	11	1.55999e-15
23	12	1.54573e-15
23	13	1.43653e-15
23	14	1.38238e-15
23	15	1.37319e-15
23	16	1.2975e-15
23	17	1.1745e-15
23	18	1.40409e-15
23	19	1.35337e-15
23	20	9.78094e-16
23	21	1.22449e-15
23	22	1.15137e-15
23	23	1.23553e-15
23	24	1.30339e-15
23	25	1.29039e-15
23	26	1.38007e-15
23	27	1.42936e-15
23	28	1.53362e-15
23	29	1.47673e-15
23	30	1.50741e-15
23	31	1.83468e-15
23	32	1.99839e-15
23	33	2.02362e-15
23	34	1.74156e-15
23	35	2.06668e-15
23	36	1.54071e-15
23	37	1.69388e-15
23	38	1.59886e-15
23	39	1.31542e-15

24	0	1.07547e-15
24	1	1.94797e-15
24	2	2.16215e-15
24	3	2.15715e-15
24	4	2.18753e-15
24	5	2.57846e-15
24	6	2.77428e-15
24	7	2.07592e-15
24	8	2.11237e-15
24	9	2.04552e-15
24	10	1.97953e-15
24	11	1.95666e-15
24	12	1.92416e-15
24	13	1.69005e-15
24	14	1.69518e-15
24	15	1.86202e-15
24	16	1.72578e-15
24	17	1.37436e-15
24	18	1.74432e-15
24	19	1.36087e-15
24	20	1.00695e-15
24	21	1.53343e-15
24	22	1.28153e-15
24	23	1.46185e-15
24	24	1.80719e-15
24	25	1.58401e-15
24	26	1.91627e-15
24	27	1.83025e-15
24	28	1.79676e-15
24	29	1.73572e-15
24	30	1.94593e-15
24	31	1.93291e-15
24	32	2.42573e-15
24	33	2.69688e-15
24	34	2.15643e-15
24	35	2.34909e-15
24	36	2.10579e-15
24	37	2.23414e-15
24	38	2.22361e-15
24	39	1.59034e-15

25	0	1.16101e-15
25	1	2.18417e-15
25	2	2.64778e-15
25	3	2.7278e-15
25	4	2.76362e-15
25	5	2.95409e-15
25	6	3.37653e-15
25	7	3.1076e-15
25	8	2.58145e-15
25	9	3.09332e-15
25	10	3.00795e-15
25	11	2.84191e-15
25	12	2.70923e-15
25	13	1.93676e-15
25	14	1.98e-15
25	15	2.58666e-15
25	16	2.02655e-15
25	17	1.82382e-15
25	18	2.04578e-15
25	19	2.04641e-15
25	20	1.06415e-15
25	21	1.96982e-15
25	22	1.90409e-15
25	23	1.8801e-15
25	24	2.21997e-15
25	25	1.88401e-15
25	26	2.67516e-15
25	27	2.53089e-15
25	28	1.9949e-15
25	29	1.96217e-15
25	30	3.11789e-15
25	31	2.98618e-15
25	32	3.11029e-15
25	33	3.14224e-15
25	34	3.0158e-15
25	35	2.98007e-15
25	36	2.81458e-15
25	37	2.58547e-15
25	38	2.68361e-15
25	39	2.21326e-15

26	0	1.24207e-15
26	1	2.56456e-15
26	2	3.88145e-15
26	3	6.3241e-15
26	4	7.9825e-15
26	5	7.0221e-15
26	6	5.32899e-15
26	7	3.78498e-15
26	8	3.1818e-15
26	9	3.46225e-15
26	10	4.33036e-15
26	11	3.05638e-15
26	12	3.15687e-15
26	13	2.94093e-15
26	14	2.84388e-15
26	15	2.87952e-15
26	16	2.52022e-15
26	17	2.37521e-15
26	18	2.30145e-15
26	19	2.15258e-15
26	20	1.08022e-15
26	21	2.3222e-15
26	22	2.37067e-15
26	23	2.50934e-15
26	24	2.57793e-15
26	25	2.77448e-15
26	26	2.89576e-15
26	27	2.90873e-15
26	28	2.97323e-15
26	29	3.04934e-15
26	30	5.97295e-15
26	31	3.78747e-15
26	32	4.04416e-15
26	33	3.76161e-15
26	34	5.25963e-15
26	35	6.89939e-15
26	36	8.04572e-15
26	37	7.1596e-15
26	38	3.94309e-15
26	39	2.58296e-15

27	0	1.25983e-15
27	1	1.04069e-14
27	2	1.19643e-14
27	3	8.21295e-15
27	4	1.06664e-14
27	5	1.6899e-14
27	6	7.88806e-15
27	7	8.89986e-15
27	8	1.30828e-14
27	9	9.89939e-15
27	10	7.28496e-15
27	11	1.1077e-14
27	12	1.08763e-14
27	13	1.14482e-14
27	14	1.0769e-14
27	15	1.08286e-14
27	16	1.93258e-14
27	17	1.12474e-14
27	18	5.74494e-15
27	19	2.96066e-15
27	20	1.09465e-15
27	21	2.74876e-15
27	22	5.81081e-15
27	23	1.26596e-14
27	24	1.53158e-14
27	25	1.42883e-14
27	26	8.8135e-15
27	27	1.90639e-14
27	28	1.09082e-14
27	29	7.99698e-15
27	30	8.57153e-15
27	31	1.1655e-14
27	32	8.98734e-15
27	33	1.09812e-14
27	34	1.21845e-14
27	35	1.35571e-14
27	36	1.14532e-14
27	37	8.8989e-15
27	38	9.18771e-15
27	39	7.07419e-15

28	0	1.67951e-15
28	1	2.80443e-14
28	2	3.11403e-14
28	3	4.34558e-14
28	4	8.65056e-14
28	5	1.79878e-13
28	6	3.18413e-13
28	7	4.56762e-13
28	8	5.51173e-13
28	9	5.97143e-13
28	10	6.16552e-13
28	11	6.1144e-13
28	12	3.86385e-13
28	13	2.36117e-13
28	14	1.59324e-13
28	15	1.09063e-13
28	16	5.69572e-14
28	17	2.04039e-14
28	18	1.30892e-14
28	19	7.25938e-15
28	20	1.27291e-15
28	21	1.29488e-14
28	22	1.87522e-14
28	23	2.01754e-14
28	24	5.69544e-14
28	25	1.09062e-13
28	26	1.59355e-13
28	27	2.36132e-13
28	28	3.86427e-13
28	29	6.11409e-13
28	30	6.16556e-13
28	31	5.97138e-13
28	32	5.512e-13
28	33	4.56754e-13
28	34	3.18413e-13
28	35	1.7989e-13
28	36	8.65437e-14
28	37	4.34775e-14
28	38	3.07868e-14
28	39	2.79488e-14

29	0	2.20925e-15
29	1	1.82877e-12
29	2	2.95566e-12
29	3	3.71414e-12
29	4	4.42064e-12
29	5	4.79753e-12
29	6	4.56526e-12
29	7	3.80626e-12
29	8	2.82619e-12
29	9	1.90618e-12
29	10	1.19122e-12
29	11	7.53272e-13
29	12	8.06244e-13
29	13	9.98712e-13
29	14	1.21518e-12
29	15	1.40858e-12
29	16	1.67819e-12
29	17	1.99416e-12
29	18	1.47863e-12
29	19	3.96435e-13
29	20	1.53492e-15
29	21	3.96388e-13
29	22	1.47864e-12
29	23	1.99419e-12
29	24	1.67817e-12
29	25	1.40859e-12
29	26	1.21519e-12
29	27	9.9868e-13
29	28	8.06232e-13
29	29	7.53265e-13
29	30	1.19121e-12
29	31	1.9062e-12
29	32	2.8262e-12
29	33	3.80625e-12
29	34	4.56524e-12
29	35	4.79751e-12
29	36	4.42063e-12
29	37	3.71415e-12
29	38	2.95567e-12
29	39	1.82878e-12

30	0	2.49548e-15
30	1	6.13647e-11
30	2	7.18292e-11
30	3	8.6555e-11
30	4	1.04846e-10
30	5	1.29783e-10
30	6	1.71301e-10
30	7	2.4685e-10
30	8	3.74852e-10
30	9	5.65472e-10
30	10	7.80959e-10
30	11	6.31688e-10
30	12	3.9774e-10
30	13	2.24146e-10
30	14	1.17769e-10
30	15	6.18635e-11
30	16	3.5523e-11
30	17	2.18963e-11
30	18	1.19688e-11
30	19	3.03719e-12
30	20	2.10829e-15
30	21	3.03725e-12
30	22	1.19688e-11
30	23	2.18962e-11
30	24	3.5523e-11
30	25	6.18635e-11
30	26	1.17769e-10
30	27	2.24146e-10
30	28	3.9774e-10
30	29	6.31688e-10
30	30	7.80959e-10
30	31	5.65472e-10
30	32	3.74852e-10
30	33	2.4685e-10
30	34	1.71301e-10
30	35	1.29783e-10
30	36	1.04846e-10
30	37	8.6555e-11
30	38	7.18292e-11
30	39	6.13647e-11

31	0	2.94137e-15
31	1	1.92884e-09
31	2	2.9673e-09
31	3	3.18844e-09
31	4	2.98421e-09
31	5	2.63238e-09
31	6	2.26378e-09
31	7	1.91488e-09
31	8	1.5842e-09
31	9	1.26933e-09
31	10	1.01491e-09
31	11	1.22033e-09
31	12	1.59873e-09
31	13	1.89985e-09
31	14	1.92801e-09
31	15	1.63933e-09
31	16	1.17204e-09
31	17	7.22302e-10
31	18	4.90716e-10
31	19	4.70699e-10
31	20	2.53039e-15
31	21	4.70699e-10
31	22	4.90716e-10
31	23	7.22302e-10
31	24	1.17204e-09
31	25	1.63933e-09
31	26	1.92801e-09
31	27	1.89985e-09
31	28	1.59873e-09
31	29	1.22033e-09
31	30	1.01491e-09
31	31	1.26933e-09
31	32	1.5842e-09
31	33	1.91488e-09
31	34	2.26378e-09
31	35	2.63238e-09
31	36	2.98421e-09
31	37	3.18844e-09
31	38	2.9673e-09
31	39	1.92884e-09

32	0	1.01459e-14
32	1	8.50586e-08
32	2	1.04239e-07
32	3	1.32841e-07
32	4	1.68996e-07
32	5	2.11523e-07
32	6	2.59297e-07
32	7	3.11034e-07
32	8	3.65347e-07
32	9	4.20361e-07
32	10	4.62793e-07
32	11	3.64306e-07
32	12	2.52227e-07
32	13	1.73009e-07
32	14	1.16022e-07
32	15	7.19802e-08
32	16	3.91736e-08
32	17	1.83458e-08
32	18	7.47591e-09
32	19	3.17509e-09
32	20	4.71856e-15
32	21	3.17509e-09
32	22	7.47591e-09
32	23	1.83458e-08
32	24	3.91736e-08
32	25	7.19802e-08
32	26	1.16022e-07
32	27	1.73009e-07
32	28	2.52227e-07
32	29	3.64306e-07
32	30	4.62793e-07
32	31	4.20361e-07
32	32	3.65347e-07
32	33	3.11034e-07
32	34	2.59297e-07
32	35	2.11523e-07
32	36	1.68996e-07
32	37	1.32841e-07
32	38	1.04239e-07
32	39	8.50586e-08

33	0	6.4868e-14
33	1	1.69275e-06
33	2	2.63829e-06
33	3	2.86519e-06
33	4	2.67218e-06
33	5	2.28703e-06
33	6	1.84582e-06
33	7	1.42416e-06
33	8	1.05994e-06
33	9	7.67935e-07
33	10	5.60025e-07
33	11	5.56727e-07
33	12	6.24609e-07
33	13	7.19113e-07
33	14	8.64663e-07
33	15	1.09776e-06
33	16	1.43592e-06
33	17	1.80683e-06
33	18	1.94803e-06
33	19	1.36905e-06
33	20	2.20518e-14
33	21	1.36905e-06
33	22	1.94803e-06
33	23	1.80683e-06
33	24	1.43592e-06
33	25	1.09776e-06
33	26	8.64663e-07
33	27	7.19113e-07
33	28	6.24609e-07
33	29	5.56727e-07
33	30	5.60025e-07
33	31	7.67935e-07
33	32	1.05994e-06
33	33	1.42416e-06
33	34	1.84582e-06
33	35	2.28703e-06
33	36	2.67218e-06
33	37	2.86519e-06
33	38	2.63829e-06
33	39	1.69275e-06

34	0	8.62956e-11
34	1	7.2741e-05
34	2	9.01877e-05
34	3	0.000117485
34	4	0.000154364
34	5	0.000201381
34	6	0.000258769
34	7	0.000318735
34	8	0.000293754
34	9	0.000232781
34	10	0.00017696
34	11	0.000130032
34	12	9.26548e-05
34	13	6.42212e-05
34	14	4.34699e-05
34	15	2.88939e-05
34	16	1.90131e-05
34	17	1.25393e-05
34	18	8.51327e-06
34	19	6.45062e-06
34	20	6.75156e-13
34	21	6.45062e-06
34	22	8.51327e-06
34	23	1.25393e-05
34	24	1.90131e-05
34	25	2.88939e-05
34	26	4.34699e-05
34	27	6.42212e-05
34	28	9.26548e-05
34	29	0.000130032
34	30	0.00017696
34	31	0.000232781
34	32	0.000293754
34	33	0.000318735
34	34	0.000258769
34	35	0.000201381
34	36	0.000154364
34	37	0.000117485
34	38	9.01877e-05
34	39	7.2741e-05

35	0	7.88888e-08
35	1	0.0002512
35	2	0.000426231
35	3	0.000509561
35	4	0.000523218
35	5	0.000493163
35	6	0.000439641
35	7	0.000384596
35	8	0.000424655
35	9	0.000515759
35	10	0.0006179
35	11	0.000724995
35	12	0.000830796
35	13	0.000927146
35	14	0.00100309
35	15	0.00104366
35	16	0.00102843
35	17	0.000931227
35	18	0.000725571
35	19	0.000403131
35	20	2.6519e-09
35	21	0.000403131
35	22	0.000725571
35	23	0.000931227
35	24	0.00102843
35	25	0.00104366
35	26	0.00100309
35	27	0.000927146
35	28	0.000830796
35	29	0.000724995
35	30	0.0006179
35	31	0.000515759
35	32	0.000424655
35	33	0.000384596
35	34	0.000439641
35	35	0.000493163
35	36	0.000523218
35	37	0.000509561
35	38	0.000426231
35	39	0.0002512

36	0	6.68314e-05
36	1	0.00990498
36	2	0.0183264
36	3	0.0244919
36	4	0.028382
36	5	0.0303645
36	6	0.0308852
36	7	0.0303253
36	8	0.0289798
36	9	0.0270776
36	10	0.0248066
36	11	0.0223291
36	12	0.019786
36	13	0.0172956
36	14	0.0149519
36	15	0.0128258
36	16	0.0109727
36	17	0.00944114
36	18	0.0082772
36	19	0.00747173
36	20	6.81999e-06
36	21	0.00747173
36	22	0.0082772
36	23	0.00944114
36	24	0.0109727
36	25	0.0128258
36	26	0.0149519
36	27	0.0172956
36	28	0.019786
36	29	0.0223291
36	30	0.0248066
36	31	0.0270776
36	32	0.0289798
36	33	0.0303253
36	34	0.0308852
36	35	0.0303645
36	36	0.028382
36	37	0.0244919
36	38	0.0183264
36	39	0.00990498

37	0	0.0178361
37	1	0.0188463
37	2	0.0217482
37	3	0.0262925
37	4	0.0322933
37	5	0.0396418
37	6	0.0482273
37	7	0.0578721
37	8	0.0682835
37	9	0.0790373
37	10	0.0895868
37	11	0.0992833
37	12	0.107392
37	13	0.113087
37	14	0.115412
37	15	0.113236
37	16	0.105242
37	17	0.0900762
37	18	0.0668663
37	19	0.0362801
37	20	0.00984612
37	21	0.0362801
37	22	0.0668663
37	23	0.0900762
37	24	0.105242
37	25	0.113236
37	26	0.115412
37	27	0.113087
37	28	0.107392
37	29	0.0992833
37	30	0.0895868
37	31	0.0790373
37	32	0.0682835
37	33	0.0578721
37	34	0.0482273
37	35	0.0396418
37	36	0.0322933
37	37	0.0262925
37	38	0.0217482
37	39	0.0188463

38	0	1.92335
38	1	1.9701
38	2	2.1058
38	3	2.31887
38	4	2.59483
38	5	2.91876
38	6	3.27558
38	7	3.64917
38	8	4.0196
38	9	4.32096
38	10	4.1397
38	11	3.77951
38	12	3.40625
38	13	3.04168
38	14	2.6991
38	15	2.38873
38	16	2.11891
38	17	1.8972
38	18	1.73104
38	19	1.62759
38	20	1.5924
38	21	1.62759
38	22	1.73104
38	23	1.8972
38	24	2.11891
38	25	2.38873
38	26	2.6991
38	27	3.04168
38	28	3.40625
38	29	3.77951
38	30	4.1397
38	31	4.32096
38	32	4.0196
38	33	3.64917
38	34	3.27558
38	35	2.91876
38	36	2.59483
38	37	2.31887
38	38	2.1058
38	39	1.9701

39	0	6.02498
39	1	6.00985
39	2	5.96362
39	3	5.88401
39	4	5.76758
39	5	5.61056
39	6	5.40992
39	7	5.1652
39	8	4.88235
39	9	4.61761
39	10	4.78061
39	11	5.07
39	12	5.32781
39	13	5.54392
39	14	5.7185
39	15	5.855
39	16	5.95811
39	17	6.03261
39	18	6.08268
39	19	6.11143
39	20	6.1208
39	21	6.11143
39	22	6.08268
39	23	6.03261
39	24	5.95811
39	25	5.855
39	26	5.7185
39	27	5.54392
39	28	5.32781
39	29	5.07
39	30	4.78061
39	31	4.61761
39	32	4.88235
39	33	5.1652
39	34	5.40992
39	35	5.61056
39	36	5.76758
39	37	5.88401
39	38	5.96362
39	39	6.00985

